#Resonance Frequency: 160500.000 kHz
#Set Current: 27.23 A
Time [s]	Current [A]	Voltage [V]	T0 [degC]	State
0.000029	0.001	0.000	32.4453125	BEFORE
0.503103	0.002	0.000	32.3359375	BEFORE
1.000095	0.001	0.000	32.265625	BEFORE
1.505146	0.001	0.000	32.3515625	BEFORE
2.000057	0.001	0.000	32.390625	BEFORE
2.505174	0.001	0.000	32.4296875	BEFORE
3.000002	0.001	0.000	32.3515625	BEFORE
3.505155	0.001	0.000	32.28125	BEFORE
4.000011	0.001	0.000	32.28125	BEFORE
4.505236	0.001	0.000	32.28125	BEFORE
5.000012	0.001	0.000	32.2265625	BEFORE
5.504811	0.001	0.000	32.2265625	BEFORE
5.999969	0.001	0.000	32.265625	BEFORE
6.505139	0.001	0.000	32.265625	BEFORE
6.999987	0.001	0.000	32.15625	BEFORE
7.507620	0.001	0.000	32.2265625	BEFORE
8.000035	0.001	0.000	32.1171875	BEFORE
8.505152	0.001	0.000	32.1171875	BEFORE
8.999993	0.001	0.000	32.0078125	BEFORE
9.505182	0.001	0.000	31.9765625	BEFORE
10.000158	0.001	0.000	32.046875	BEFORE
10.500541	0.002	0.000	32.140625	BEFORE
11.000059	0.001	0.000	31.921875	BEFORE
11.505161	0.001	0.000	31.9921875	BEFORE
12.000063	0.001	0.000	31.90625	BEFORE
12.510277	0.001	0.000	31.90625	BEFORE
13.000015	0.001	0.000	31.90625	BEFORE
13.500376	0.001	0.000	31.7578125	BEFORE
13.999996	0.001	0.000	31.8125	BEFORE
14.505137	0.001	0.000	31.8671875	BEFORE
14.999990	0.001	0.000	31.90625	BEFORE
15.504103	0.001	0.000	31.6875	BEFORE
15.999971	0.001	0.000	31.703125	BEFORE
16.505186	0.001	0.000	31.703125	BEFORE
16.999996	0.001	0.000	31.8515625	BEFORE
17.502946	0.001	0.000	31.7578125	BEFORE
18.000219	0.001	0.000	31.703125	BEFORE
18.505161	0.001	0.000	31.6875	BEFORE
19.000021	0.001	0.000	31.7421875	BEFORE
19.505136	0.001	0.000	31.5625	BEFORE
19.999986	0.001	0.000	31.59375	BEFORE
20.500271	0.001	0.000	31.578125	BEFORE
20.999996	0.001	0.000	31.609375	BEFORE
21.505196	0.001	0.000	31.6328125	BEFORE
21.999996	0.001	0.000	31.5234375	BEFORE
22.505129	0.001	0.000	31.5078125	BEFORE
22.999964	0.001	0.000	31.3984375	BEFORE
23.504602	0.001	0.000	31.484375	BEFORE
23.999979	0.001	0.000	31.5390625	BEFORE
24.505174	0.001	0.000	31.46875	BEFORE
25.000193	0.001	0.000	31.3203125	BEFORE
25.510267	0.001	0.000	31.34375	BEFORE
26.000012	0.001	0.000	31.46875	BEFORE
26.505139	0.001	0.000	31.4296875	BEFORE
27.000008	0.001	0.000	31.375	BEFORE
27.501477	0.001	0.000	31.375	BEFORE
27.999974	0.001	0.000	31.3203125	BEFORE
28.505181	0.001	0.000	31.2734375	BEFORE
28.999992	0.001	0.000	31.4140625	BEFORE
29.502494	0.001	0.000	31.25	BEFORE
29.999969	0.001	0.000	31.1953125	BEFORE
30.505171	0.001	0.000	31.2734375	BEFORE
31.000004	0.001	0.000	31.1953125	BEFORE
31.501820	0.001	0.000	31.125	BEFORE
32.000003	0.001	0.000	31.1640625	BEFORE
32.505224	0.001	0.000	31.1796875	BEFORE
33.000000	0.001	0.000	31.109375	BEFORE
33.505140	0.001	0.000	31.0703125	BEFORE
34.000087	0.001	0.000	31.0546875	BEFORE
34.500508	0.001	0.000	31.0	BEFORE
35.000076	0.001	0.000	31.125	BEFORE
35.505178	0.001	0.000	31.03125	BEFORE
36.000065	0.001	0.000	31.0	BEFORE
36.503351	0.001	0.000	31.140625	BEFORE
36.999983	0.002	0.000	30.875	BEFORE
37.505190	0.001	0.000	30.9609375	BEFORE
38.000068	0.001	0.000	31.015625	BEFORE
38.500312	0.001	0.000	30.9296875	BEFORE
38.999978	0.001	0.000	30.890625	BEFORE
39.505216	0.001	0.000	30.90625	BEFORE
40.000000	0.001	0.000	30.890625	BEFORE
40.505179	0.001	0.000	30.78125	BEFORE
40.999972	0.001	0.000	30.796875	BEFORE
41.502878	0.001	0.000	30.765625	BEFORE
42.000024	0.001	0.000	30.8515625	BEFORE
42.503333	0.001	0.000	30.7421875	BEFORE
43.000022	0.001	0.000	30.765625	BEFORE
43.505152	0.001	0.000	30.7421875	BEFORE
43.999998	0.001	0.000	30.7265625	BEFORE
44.502582	0.001	0.000	30.7421875	BEFORE
44.999971	0.001	0.000	30.7421875	BEFORE
45.505146	0.001	0.000	30.6328125	BEFORE
45.999989	0.001	0.000	30.6328125	BEFORE
46.510257	0.001	0.000	30.6015625	BEFORE
46.999974	0.001	0.000	30.5625	BEFORE
47.526433	0.001	0.000	30.671875	BEFORE
47.999931	0.001	0.000	30.5625	BEFORE
48.504002	0.001	0.000	30.6015625	BEFORE
49.000043	0.002	0.000	30.4765625	BEFORE
49.505183	0.001	0.000	30.5625	BEFORE
50.000055	0.001	0.000	30.4375	BEFORE
50.505138	0.001	0.000	30.5078125	BEFORE
51.000036	0.001	0.000	30.4921875	BEFORE
51.501681	0.001	0.000	30.453125	BEFORE
51.999985	0.001	0.000	30.4921875	BEFORE
52.505187	0.001	0.000	30.546875	BEFORE
53.000012	0.001	0.000	30.421875	BEFORE
53.502582	0.001	0.000	30.4375	BEFORE
53.999990	0.001	0.000	30.421875	BEFORE
54.505180	0.001	0.000	30.34375	BEFORE
54.999979	0.001	0.000	30.453125	BEFORE
55.502662	0.001	0.000	30.3671875	BEFORE
55.999968	0.001	0.000	30.34375	BEFORE
56.505200	0.001	0.000	30.2578125	BEFORE
56.999997	0.001	0.000	30.328125	BEFORE
57.504711	0.001	0.000	30.2734375	BEFORE
58.000183	0.001	0.000	30.3671875	BEFORE
58.505163	0.000	0.000	30.1875	BEFORE
58.999999	0.001	0.000	30.2421875	BEFORE
59.502610	0.001	0.000	30.2578125	BEFORE
59.999999	0.001	0.000	30.21875	BEFORE
60.999980	27.133	37.469	30.21875	EXPOSING
61.505154	27.137	37.688	33.8828125	EXPOSING
62.000002	27.138	37.828	37.015625	EXPOSING
62.503666	27.139	37.938	40.109375	EXPOSING
62.999985	27.139	38.004	43.2109375	EXPOSING
63.505135	27.139	38.086	46.0390625	EXPOSING
64.000069	27.141	38.140	49.0390625	EXPOSING
64.505151	27.140	38.197	51.625	EXPOSING
65.000027	27.138	38.250	54.7265625	EXPOSING
65.520169	27.139	38.294	57.3125	EXPOSING
65.999979	27.139	38.333	59.9921875	EXPOSING
66.502694	27.139	38.356	62.28125	EXPOSING
67.000004	27.139	38.382	64.5078125	EXPOSING
67.505214	27.139	38.410	66.5625	EXPOSING
68.000005	27.143	38.432	68.6484375	EXPOSING
68.501010	27.137	38.446	70.4296875	EXPOSING
68.999984	27.140	38.455	72.2734375	EXPOSING
69.505159	27.139	38.467	73.9296875	EXPOSING
69.999997	27.140	38.481	75.546875	EXPOSING
71.000084	0.018	0.005	76.8203125	WAIT
71.505198	0.017	0.003	73.5546875	WAIT
72.000063	0.017	0.002	71.796875	WAIT
72.502085	0.016	0.001	70.4140625	WAIT
73.000021	0.017	0.001	69.0390625	WAIT
73.505122	0.001	0.000	67.8203125	WAIT
73.999995	0.001	0.000	66.5625	WAIT
75.000038	27.134	37.835	65.515625	EXPOSING
75.501944	27.137	37.989	67.4765625	EXPOSING
76.000007	27.138	38.079	69.921875	EXPOSING
76.505187	27.139	38.173	72.0546875	EXPOSING
77.000000	27.139	38.249	74.3046875	EXPOSING
77.505111	27.140	38.303	76.2109375	EXPOSING
77.999960	27.140	38.359	78.359375	EXPOSING
78.501435	27.140	38.401	79.890625	EXPOSING
79.000025	27.138	38.431	81.6796875	EXPOSING
79.505118	27.139	38.463	83.2890625	EXPOSING
80.004698	27.139	38.491	84.765625	EXPOSING
80.505137	27.139	38.513	86.0703125	EXPOSING
81.000000	27.140	38.533	87.375	EXPOSING
81.503835	27.139	38.558	88.6796875	EXPOSING
82.000023	27.140	38.573	89.75	EXPOSING
82.500055	27.139	38.579	90.8984375	EXPOSING
83.000052	27.139	38.591	91.9453125	EXPOSING
83.505137	27.139	38.605	92.875	EXPOSING
84.000026	27.138	38.616	93.859375	EXPOSING
84.999995	0.018	0.005	94.421875	WAIT
85.505105	0.017	0.003	90.25	WAIT
86.000023	0.017	0.002	88.046875	WAIT
86.501091	0.017	0.002	86.1875	WAIT
87.000017	0.000	0.001	84.4453125	WAIT
87.505174	0.002	0.000	82.765625	WAIT
88.000024	0.001	0.000	81.15625	WAIT
89.000016	27.135	37.927	79.859375	EXPOSING
89.505168	27.138	38.098	81.3359375	EXPOSING
90.000015	27.139	38.199	83.3359375	EXPOSING
90.501635	27.140	38.283	85.1328125	EXPOSING
91.000015	27.137	38.356	86.9296875	EXPOSING
91.500442	27.138	38.415	88.5625	EXPOSING
92.000032	27.139	38.460	90.046875	EXPOSING
92.507088	27.138	38.499	91.4140625	EXPOSING
92.999987	27.139	38.538	92.765625	EXPOSING
93.505156	27.140	38.571	93.9609375	EXPOSING
94.000016	27.139	38.597	95.125	EXPOSING
94.503173	27.139	38.616	96.1953125	EXPOSING
94.999985	27.140	38.624	97.21875	EXPOSING
95.505177	27.138	38.635	98.1328125	EXPOSING
96.000003	27.141	38.646	99.0234375	EXPOSING
96.504342	27.138	38.664	99.8125	EXPOSING
96.999995	27.139	38.670	100.71875	EXPOSING
97.505140	27.139	38.684	101.4296875	EXPOSING
98.000013	27.139	38.695	102.1484375	EXPOSING
99.000023	0.019	0.006	102.609375	WAIT
99.505090	0.018	0.003	98.1171875	WAIT
100.000038	0.017	0.002	95.78125	WAIT
100.501999	0.017	0.002	93.9765625	WAIT
101.000056	0.017	0.002	92.1953125	WAIT
101.500174	0.002	0.000	90.6015625	WAIT
101.999978	0.001	0.000	88.8515625	WAIT
103.000032	27.136	37.992	87.4921875	EXPOSING
103.501894	27.138	38.168	88.546875	EXPOSING
103.999977	27.136	38.290	90.3984375	EXPOSING
104.505169	27.137	38.376	92.078125	EXPOSING
104.999979	27.138	38.451	93.65625	EXPOSING
105.502847	27.138	38.496	95.1015625	EXPOSING
105.999983	27.139	38.537	96.6484375	EXPOSING
106.505108	27.139	38.578	97.8984375	EXPOSING
107.000070	27.140	38.608	99.0859375	EXPOSING
107.504039	27.138	38.637	100.2421875	EXPOSING
108.000000	27.140	38.671	101.328125	EXPOSING
108.505183	27.138	38.685	102.28125	EXPOSING
109.000010	27.138	38.704	103.15625	EXPOSING
109.640477	27.139	38.719	104.0546875	EXPOSING
109.999845	27.138	38.727	104.9921875	EXPOSING
110.503659	27.139	38.737	105.515625	EXPOSING
110.999973	27.138	38.747	106.359375	EXPOSING
111.505183	27.139	38.755	106.921875	EXPOSING
111.999979	27.138	38.764	107.71875	EXPOSING
113.000324	0.018	0.006	107.7890625	WAIT
113.505131	0.018	0.003	103.484375	WAIT
113.999995	0.017	0.002	101.21875	WAIT
114.505127	0.016	0.002	99.3515625	WAIT
115.000001	0.017	0.002	97.484375	WAIT
115.500749	0.002	0.000	95.9453125	WAIT
116.000058	0.002	0.000	94.2578125	WAIT
117.000073	27.135	38.095	92.9140625	EXPOSING
117.505140	27.137	38.257	94.140625	EXPOSING
118.000068	27.137	38.362	95.9140625	EXPOSING
118.504414	27.138	38.433	97.453125	EXPOSING
118.999971	27.139	38.504	99.0546875	EXPOSING
119.505201	27.138	38.560	100.4453125	EXPOSING
120.000026	27.138	38.597	101.6953125	EXPOSING
120.499978	27.137	38.643	102.90625	EXPOSING
120.999989	27.136	38.672	104.25	EXPOSING
121.505168	27.139	38.707	105.234375	EXPOSING
121.999996	27.138	38.724	106.1328125	EXPOSING
122.505320	27.139	38.744	107.1328125	EXPOSING
122.999990	27.138	38.757	107.984375	EXPOSING
123.505217	27.138	38.776	108.78125	EXPOSING
124.000063	27.138	38.787	109.546875	EXPOSING
124.504323	27.139	38.797	110.328125	EXPOSING
125.000022	27.138	38.805	110.9296875	EXPOSING
125.503725	27.138	38.812	111.6953125	EXPOSING
126.000023	27.139	38.818	112.1796875	EXPOSING
126.999986	0.018	0.005	112.34375	WAIT
127.505189	0.017	0.003	108.0625	WAIT
127.999967	0.017	0.002	105.7109375	WAIT
128.501106	0.017	0.002	103.9296875	WAIT
128.999967	0.016	0.002	101.96875	WAIT
129.505144	0.001	0.000	100.4609375	WAIT
130.000015	0.002	0.000	98.90625	WAIT
131.000035	27.134	38.157	97.421875	EXPOSING
131.505113	27.136	38.325	98.609375	EXPOSING
132.000037	27.138	38.424	100.4453125	EXPOSING
132.505167	27.138	38.507	102.0390625	EXPOSING
133.000060	27.138	38.542	103.46875	EXPOSING
133.501082	27.138	38.602	104.875	EXPOSING
133.999932	27.139	38.650	106.359375	EXPOSING
134.504675	27.137	38.691	107.328125	EXPOSING
135.000017	27.138	38.719	108.453125	EXPOSING
135.505169	27.138	38.748	109.53125	EXPOSING
136.000020	27.139	38.765	110.4921875	EXPOSING
136.503761	27.138	38.782	111.3203125	EXPOSING
137.000010	27.137	38.806	112.1171875	EXPOSING
137.505166	27.138	38.817	112.9296875	EXPOSING
138.000062	27.137	38.824	113.671875	EXPOSING
138.505171	27.139	38.840	114.34375	EXPOSING
139.000057	27.139	38.845	114.9375	EXPOSING
139.500058	27.137	38.855	115.546875	EXPOSING
140.000030	27.139	38.863	116.328125	EXPOSING
141.000042	0.018	0.005	116.609375	WAIT
141.505193	0.017	0.003	112.1171875	WAIT
142.000014	0.017	0.002	109.96875	WAIT
142.504634	0.017	0.002	108.1328125	WAIT
142.999964	0.010	0.002	106.171875	WAIT
143.505188	0.002	0.000	104.6953125	WAIT
143.999995	0.002	0.000	103.0390625	WAIT
145.000152	27.135	38.214	101.625	EXPOSING
145.505158	27.136	38.368	103.0546875	EXPOSING
146.000042	27.136	38.449	104.8046875	EXPOSING
146.502061	27.137	38.537	106.34375	EXPOSING
147.000026	27.137	38.606	107.8359375	EXPOSING
147.505217	27.137	38.659	109.0390625	EXPOSING
148.000044	27.139	38.712	110.25	EXPOSING
148.502054	27.139	38.738	111.4375	EXPOSING
148.999998	27.139	38.766	112.5390625	EXPOSING
149.505181	27.137	38.785	113.453125	EXPOSING
150.000008	27.137	38.805	114.34375	EXPOSING
150.509732	27.138	38.820	115.296875	EXPOSING
150.999969	27.138	38.838	116.0703125	EXPOSING
151.505125	27.137	38.852	116.765625	EXPOSING
152.000002	27.137	38.863	117.4921875	EXPOSING
152.504045	27.137	38.871	118.125	EXPOSING
152.999986	27.137	38.877	118.71875	EXPOSING
153.505107	27.137	38.887	119.296875	EXPOSING
154.000011	27.138	38.894	119.9609375	EXPOSING
155.000054	0.018	0.006	120.265625	WAIT
155.501029	0.017	0.003	115.765625	WAIT
156.000027	0.017	0.002	113.7578125	WAIT
156.502413	0.017	0.002	111.84375	WAIT
156.999974	0.003	0.000	110.0078125	WAIT
157.505150	0.002	0.000	108.5546875	WAIT
157.999996	0.002	0.000	106.7890625	WAIT
159.000026	27.133	38.169	105.28125	EXPOSING
159.505097	27.137	38.360	106.4921875	EXPOSING
160.000093	27.137	38.474	108.1484375	EXPOSING
160.505140	27.139	38.566	109.6796875	EXPOSING
161.000047	27.137	38.633	111.109375	EXPOSING
161.510012	27.138	38.688	112.4921875	EXPOSING
161.999983	27.137	38.727	113.7265625	EXPOSING
162.503568	27.138	38.763	114.7734375	EXPOSING
163.000028	27.138	38.800	115.8671875	EXPOSING
163.504190	27.137	38.820	116.765625	EXPOSING
163.999973	27.137	38.841	117.6875	EXPOSING
164.505129	27.138	38.856	118.4453125	EXPOSING
164.999980	27.137	38.872	119.3671875	EXPOSING
165.504932	27.138	38.878	120.0546875	EXPOSING
165.999977	27.137	38.895	120.78125	EXPOSING
166.505146	27.138	38.905	121.3515625	EXPOSING
167.000017	27.137	38.912	121.953125	EXPOSING
167.503649	27.138	38.916	122.5390625	EXPOSING
168.000057	27.138	38.921	122.9921875	EXPOSING
169.000065	0.019	0.006	123.4765625	WAIT
169.502438	0.018	0.004	119.28125	WAIT
170.000059	0.017	0.003	117.0625	WAIT
170.505168	0.017	0.003	115.15625	WAIT
171.000009	0.017	0.002	113.4296875	WAIT
171.503507	0.002	0.000	111.84375	WAIT
171.999984	0.002	0.000	110.1015625	WAIT
172.999971	27.133	38.228	108.734375	EXPOSING
173.502709	27.134	38.396	109.4453125	EXPOSING
173.999988	27.137	38.506	111.2109375	EXPOSING
174.505135	27.137	38.600	112.671875	EXPOSING
175.000057	27.139	38.640	114.109375	EXPOSING
175.600491	27.137	38.713	115.40625	EXPOSING
175.999851	27.138	38.752	116.9296875	EXPOSING
176.503242	27.138	38.793	117.703125	EXPOSING
176.999971	27.138	38.828	118.765625	EXPOSING
177.503988	27.137	38.860	119.8125	EXPOSING
177.999983	27.137	38.879	120.7265625	EXPOSING
178.500528	27.138	38.896	121.3828125	EXPOSING
178.999978	27.138	38.913	122.2890625	EXPOSING
179.505153	27.139	38.916	122.9765625	EXPOSING
179.999979	27.138	38.921	123.6328125	EXPOSING
180.499799	27.138	38.931	124.1796875	EXPOSING
180.999975	27.137	38.935	124.8984375	EXPOSING
181.505145	27.137	38.945	125.3828125	EXPOSING
182.000077	27.137	38.950	125.953125	EXPOSING
182.999960	0.018	0.005	126.28125	WAIT
183.505175	0.018	0.004	121.984375	WAIT
184.000027	0.017	0.003	119.84375	WAIT
184.503985	0.017	0.002	118.0390625	WAIT
185.000030	0.011	0.002	116.1015625	WAIT
185.505134	0.002	0.000	114.484375	WAIT
186.004025	0.002	0.000	112.9921875	WAIT
187.000020	27.134	38.228	111.5703125	EXPOSING
187.502387	27.136	38.410	112.4453125	EXPOSING
188.000074	27.137	38.523	114.125	EXPOSING
188.505154	27.138	38.610	115.6171875	EXPOSING
189.000034	27.137	38.683	117.0625	EXPOSING
189.504968	27.136	38.725	118.3125	EXPOSING
189.999977	27.136	38.774	119.640625	EXPOSING
190.505151	27.138	38.816	120.6171875	EXPOSING
190.999985	27.136	38.842	121.6640625	EXPOSING
191.504003	27.139	38.880	122.578125	EXPOSING
191.999969	27.137	38.902	123.59375	EXPOSING
192.505157	27.138	38.921	124.296875	EXPOSING
193.000076	27.139	38.936	125.015625	EXPOSING
193.508555	27.136	38.947	125.6640625	EXPOSING
194.000009	27.138	38.958	126.3125	EXPOSING
194.505134	27.138	38.969	127.046875	EXPOSING
195.000028	27.138	38.975	127.6484375	EXPOSING
195.500289	27.138	38.983	128.109375	EXPOSING
195.999970	27.137	38.985	128.7578125	EXPOSING
197.000012	0.018	0.007	128.953125	WAIT
197.505122	0.018	0.004	124.6484375	WAIT
198.000024	0.017	0.003	122.4765625	WAIT
198.503543	0.018	0.002	120.6796875	WAIT
199.000022	0.017	0.002	118.9765625	WAIT
199.505136	0.002	0.000	117.1875	WAIT
200.000093	0.002	0.000	115.5234375	WAIT
201.000003	27.134	38.337	114.1953125	EXPOSING
201.504272	27.136	38.451	115.2421875	EXPOSING
201.999979	27.136	38.559	117.03125	EXPOSING
202.505136	27.136	38.647	118.3125	EXPOSING
203.000031	27.138	38.700	119.75	EXPOSING
203.500748	27.138	38.760	121.046875	EXPOSING
203.999971	27.137	38.805	122.3203125	EXPOSING
204.505117	27.138	38.841	123.3125	EXPOSING
205.000025	27.138	38.878	124.1796875	EXPOSING
205.502326	27.137	38.905	125.1953125	EXPOSING
206.000009	27.137	38.925	126.015625	EXPOSING
206.505139	27.137	38.943	126.84375	EXPOSING
207.001975	27.138	38.960	127.515625	EXPOSING
207.505131	27.138	38.970	128.28125	EXPOSING
208.000095	27.137	38.981	128.90625	EXPOSING
208.501805	27.137	38.987	129.5546875	EXPOSING
209.000013	27.138	39.002	130.0859375	EXPOSING
209.503038	27.135	39.009	130.6484375	EXPOSING
210.000002	27.137	39.012	131.1484375	EXPOSING
210.999974	0.019	0.006	131.609375	WAIT
211.505173	0.018	0.004	127.2265625	WAIT
211.999975	0.018	0.003	125.078125	WAIT
212.504892	0.017	0.002	123.359375	WAIT
213.000031	0.008	0.002	121.3828125	WAIT
213.505120	0.002	0.000	119.875	WAIT
214.000021	0.002	0.000	118.328125	WAIT
215.000043	27.129	38.312	116.9296875	EXPOSING
215.505113	27.136	38.492	117.5078125	EXPOSING
216.000017	27.136	38.573	119.1171875	EXPOSING
216.502095	27.136	38.660	120.5234375	EXPOSING
217.000042	27.135	38.734	122.015625	EXPOSING
217.505142	27.135	38.774	123.3125	EXPOSING
217.999978	27.138	38.828	124.484375	EXPOSING
218.502743	27.135	38.868	125.515625	EXPOSING
218.999976	27.137	38.892	126.4140625	EXPOSING
219.505175	27.136	38.925	127.3125	EXPOSING
219.999974	27.138	38.951	128.3125	EXPOSING
220.503336	27.136	38.973	129.0625	EXPOSING
220.999996	27.138	38.988	129.8203125	EXPOSING
221.505158	27.138	38.997	130.3984375	EXPOSING
222.000014	27.140	39.003	131.046875	EXPOSING
222.501077	27.134	39.010	131.609375	EXPOSING
223.000045	27.129	39.018	132.1875	EXPOSING
223.505173	27.123	39.022	132.734375	EXPOSING
224.000021	27.137	39.025	133.2578125	EXPOSING
225.000015	0.019	0.006	133.421875	WAIT
225.505162	0.018	0.004	129.2265625	WAIT
225.999982	0.018	0.003	127.1484375	WAIT
226.505155	0.017	0.003	125.28125	WAIT
226.999994	0.015	0.003	123.4609375	WAIT
227.500952	0.002	0.000	121.953125	WAIT
228.002111	0.003	0.000	120.3125	WAIT
229.000079	27.137	38.287	118.78125	EXPOSING
229.505146	27.136	38.485	119.9453125	EXPOSING
230.000085	27.138	38.605	121.6015625	EXPOSING
230.504058	27.138	38.690	123.0546875	EXPOSING
231.000010	27.136	38.759	124.4296875	EXPOSING
231.505156	27.137	38.815	125.546875	EXPOSING
232.000075	27.139	38.849	126.703125	EXPOSING
232.503845	27.136	38.886	127.84375	EXPOSING
232.999988	27.137	38.921	128.7578125	EXPOSING
233.505157	27.137	38.936	129.5546875	EXPOSING
233.999983	27.138	38.959	130.484375	EXPOSING
234.504286	27.137	38.979	131.1796875	EXPOSING
234.999985	27.138	38.988	131.890625	EXPOSING
235.505142	27.137	39.004	132.546875	EXPOSING
236.000023	27.137	39.014	133.1484375	EXPOSING
236.500662	27.134	39.022	133.78125	EXPOSING
236.999967	27.138	39.034	134.3515625	EXPOSING
237.505133	27.137	39.038	134.8125	EXPOSING
238.000043	27.137	39.043	135.3984375	EXPOSING
239.000043	0.018	0.006	135.5234375	WAIT
239.500163	0.017	0.004	131.1953125	WAIT
240.000005	0.018	0.003	129.15625	WAIT
240.501125	0.018	0.003	127.328125	WAIT
240.999995	0.008	0.003	125.53125	WAIT
241.505163	0.002	0.000	124.015625	WAIT
242.000041	0.003	0.000	122.2890625	WAIT
242.999957	27.131	38.295	120.9375	EXPOSING
243.505164	27.135	38.494	121.53125	EXPOSING
244.000070	27.136	38.583	123.125	EXPOSING
244.569605	27.137	38.690	124.5625	EXPOSING
244.999911	27.136	38.741	126.3359375	EXPOSING
245.501994	27.136	38.807	127.1484375	EXPOSING
245.999959	27.136	38.845	128.34375	EXPOSING
246.505195	27.138	38.886	129.3359375	EXPOSING
246.999975	27.136	38.917	130.4296875	EXPOSING
247.500293	27.138	38.945	131.2578125	EXPOSING
247.999981	27.137	38.967	132.0625	EXPOSING
248.505133	27.136	38.986	132.7734375	EXPOSING
248.999992	27.137	38.993	133.484375	EXPOSING
249.503346	27.136	39.004	134.2265625	EXPOSING
250.000020	27.138	39.018	134.78125	EXPOSING
250.505165	27.137	39.022	135.3125	EXPOSING
251.000056	27.137	39.034	135.9296875	EXPOSING
251.505133	27.137	39.044	136.46875	EXPOSING
252.000046	27.137	39.046	137.0	EXPOSING
253.000081	0.019	0.007	137.3515625	WAIT
253.501027	0.017	0.004	132.9921875	WAIT
254.000022	0.018	0.003	130.859375	WAIT
254.502159	0.018	0.003	129.171875	WAIT
254.999995	0.017	0.002	127.484375	WAIT
255.500649	0.002	0.000	125.828125	WAIT
255.999946	0.002	0.000	124.015625	WAIT
256.999973	27.134	38.334	122.875	EXPOSING
257.505165	27.136	38.513	123.5078125	EXPOSING
257.999979	27.137	38.623	125.1953125	EXPOSING
258.503058	27.137	38.695	126.5625	EXPOSING
259.000001	27.136	38.767	128.03125	EXPOSING
259.505158	27.137	38.828	129.109375	EXPOSING
260.000021	27.136	38.863	130.2890625	EXPOSING
260.504280	27.136	38.909	131.2578125	EXPOSING
261.000003	27.138	38.940	132.234375	EXPOSING
261.505059	27.137	38.959	133.0234375	EXPOSING
261.999999	27.136	38.983	133.875	EXPOSING
262.505193	27.136	39.002	134.6015625	EXPOSING
263.000015	27.136	39.014	135.3125	EXPOSING
263.505079	27.137	39.031	135.9609375	EXPOSING
263.999964	27.137	39.047	136.671875	EXPOSING
264.505136	27.138	39.049	137.1484375	EXPOSING
265.000038	27.138	39.061	137.6953125	EXPOSING
265.501920	27.136	39.068	138.21875	EXPOSING
265.999974	27.136	39.073	138.859375	EXPOSING
266.999964	0.019	0.007	138.8125	WAIT
267.500696	0.018	0.005	134.6015625	WAIT
267.999980	0.017	0.003	132.40625	WAIT
268.505163	0.018	0.003	130.8828125	WAIT
268.999985	0.018	0.003	128.90625	WAIT
269.502341	0.003	0.000	127.4609375	WAIT
269.999973	0.003	0.000	125.7265625	WAIT
271.000017	27.132	38.360	124.34375	EXPOSING
271.515484	27.136	38.540	125.4296875	EXPOSING
271.999962	27.136	38.625	127.046875	EXPOSING
272.505152	27.135	38.710	128.4453125	EXPOSING
273.000000	27.136	38.785	129.71875	EXPOSING
273.505079	27.136	38.845	130.78125	EXPOSING
273.999959	27.135	38.890	131.9375	EXPOSING
274.505169	27.136	38.935	132.9921875	EXPOSING
274.999990	27.136	38.957	133.96875	EXPOSING
275.503669	27.136	38.981	134.75	EXPOSING
276.000047	27.136	38.996	135.5546875	EXPOSING
276.505156	27.136	39.018	136.3125	EXPOSING
277.000047	27.137	39.036	137.015625	EXPOSING
277.505135	27.136	39.050	137.6328125	EXPOSING
278.000024	27.135	39.056	138.3125	EXPOSING
278.504889	27.134	39.066	138.828125	EXPOSING
278.999972	27.135	39.078	139.3203125	EXPOSING
279.505138	27.135	39.084	139.8359375	EXPOSING
279.999997	27.137	39.085	140.3203125	EXPOSING
281.000077	0.019	0.006	140.4140625	WAIT
281.505155	0.018	0.005	136.1015625	WAIT
282.000085	0.017	0.004	134.1328125	WAIT
282.505172	0.018	0.003	132.28125	WAIT
283.000080	0.002	0.003	130.6640625	WAIT
283.502764	0.003	0.000	129.0625	WAIT
283.999992	0.002	0.000	127.296875	WAIT
285.000021	27.129	38.380	125.96875	EXPOSING
285.505196	27.132	38.553	126.9609375	EXPOSING
285.999998	27.132	38.664	128.578125	EXPOSING
286.500686	27.133	38.731	130.015625	EXPOSING
287.000013	27.133	38.802	131.2109375	EXPOSING
287.505140	27.132	38.864	132.421875	EXPOSING
288.000001	27.134	38.895	133.5625	EXPOSING
288.505134	27.134	38.943	134.4609375	EXPOSING
288.999960	27.134	38.976	135.4921875	EXPOSING
289.504324	27.134	38.996	136.25	EXPOSING
290.000042	27.134	39.016	137.015625	EXPOSING
290.505156	27.135	39.036	137.7578125	EXPOSING
291.000007	27.135	39.046	138.515625	EXPOSING
291.505144	27.131	39.064	139.03125	EXPOSING
292.000016	27.135	39.075	139.7109375	EXPOSING
292.499960	27.134	39.080	140.2578125	EXPOSING
292.999995	27.133	39.093	140.796875	EXPOSING
293.505148	27.134	39.097	141.21875	EXPOSING
294.005225	27.134	39.106	141.796875	EXPOSING
294.999957	0.020	0.007	142.0	WAIT
295.504038	0.018	0.004	137.8984375	WAIT
295.999962	0.017	0.003	135.8359375	WAIT
296.505149	0.018	0.003	134.0859375	WAIT
297.002649	0.018	0.003	132.359375	WAIT
297.500373	0.003	0.000	130.765625	WAIT
297.999985	0.003	0.000	129.109375	WAIT
299.000055	27.129	38.417	127.6953125	EXPOSING
299.505129	27.132	38.542	128.40625	EXPOSING
300.001948	27.132	38.662	130.0859375	EXPOSING
300.500883	27.132	38.750	131.5625	EXPOSING
300.999999	27.134	38.825	132.7734375	EXPOSING
301.504996	27.132	38.884	133.9375	EXPOSING
302.000016	27.133	38.930	135.03125	EXPOSING
302.505170	27.133	38.949	135.9453125	EXPOSING
302.999982	27.132	38.982	136.90625	EXPOSING
303.501286	27.134	39.012	137.6640625	EXPOSING
303.999968	27.133	39.030	138.53125	EXPOSING
304.564508	27.134	39.049	139.1796875	EXPOSING
304.999876	27.147	39.099	139.9921875	EXPOSING
305.501667	27.149	39.109	140.5	EXPOSING
306.000000	27.146	39.116	141.09375	EXPOSING
306.505157	27.148	39.106	141.6875	EXPOSING
307.000073	27.148	39.125	142.203125	EXPOSING
307.505132	27.147	39.123	142.7265625	EXPOSING
308.000008	27.147	39.129	143.3046875	EXPOSING
309.000041	0.019	0.009	143.4140625	WAIT
309.505179	0.018	0.005	139.2890625	WAIT
309.999999	0.018	0.003	137.2421875	WAIT
310.503721	0.018	0.003	135.3828125	WAIT
310.999988	0.001	0.000	133.65625	WAIT
311.505143	0.002	0.000	132.203125	WAIT
312.000028	0.002	0.000	130.5546875	WAIT
313.000004	27.144	38.406	129.140625	EXPOSING
313.505153	27.147	38.576	130.1015625	EXPOSING
314.000093	27.147	38.687	131.640625	EXPOSING
314.502862	27.148	38.774	133.0859375	EXPOSING
315.000035	27.147	38.847	134.3046875	EXPOSING
315.505180	27.147	38.893	135.4140625	EXPOSING
316.000032	27.147	38.944	136.5	EXPOSING
316.504943	27.148	38.993	137.3984375	EXPOSING
317.000003	27.148	39.030	138.4375	EXPOSING
317.505189	27.148	39.057	139.0625	EXPOSING
317.999975	27.148	39.074	139.9921875	EXPOSING
318.500307	27.147	39.087	140.609375	EXPOSING
318.999972	27.147	39.094	141.3125	EXPOSING
319.505142	27.148	39.113	141.890625	EXPOSING
320.000010	27.148	39.120	142.5	EXPOSING
320.500796	27.149	39.139	143.0546875	EXPOSING
320.999993	27.147	39.147	143.6015625	EXPOSING
321.505152	27.149	39.156	144.0546875	EXPOSING
322.000001	27.148	39.158	144.5703125	EXPOSING
323.000103	0.020	0.007	144.6484375	WAIT
323.503883	0.018	0.005	140.3671875	WAIT
324.000008	0.018	0.004	138.359375	WAIT
324.505182	0.017	0.003	136.703125	WAIT
324.999984	0.018	0.003	134.78125	WAIT
325.505144	0.003	0.000	133.390625	WAIT
326.000016	0.003	0.000	131.7890625	WAIT
327.000004	27.145	38.484	130.4296875	EXPOSING
327.505138	27.147	38.638	131.5625	EXPOSING
327.999994	27.148	38.738	133.1171875	EXPOSING
328.505149	27.147	38.800	134.2265625	EXPOSING
328.999976	27.149	38.859	135.7109375	EXPOSING
329.501867	27.148	38.920	136.703125	EXPOSING
330.000022	27.149	38.966	137.6640625	EXPOSING
330.500856	27.148	39.010	138.625	EXPOSING
331.000017	27.148	39.038	139.5546875	EXPOSING
331.504201	27.148	39.073	140.3515625	EXPOSING
331.999964	27.149	39.087	141.171875	EXPOSING
332.505183	27.148	39.112	141.828125	EXPOSING
332.999997	27.148	39.126	142.53125	EXPOSING
333.505171	27.148	39.133	143.0703125	EXPOSING
333.999984	27.147	39.145	143.7421875	EXPOSING
334.500405	27.148	39.149	144.1171875	EXPOSING
335.000074	27.148	39.159	144.7734375	EXPOSING
335.505144	27.149	39.164	145.2578125	EXPOSING
336.000081	27.149	39.178	145.7578125	EXPOSING
337.000041	0.020	0.007	146.0390625	WAIT
337.500180	0.019	0.005	141.8125	WAIT
338.000059	0.017	0.003	139.6640625	WAIT
338.502039	0.018	0.003	138.0	WAIT
339.000092	0.009	0.001	136.1875	WAIT
339.505159	0.003	0.000	134.6015625	WAIT
339.999995	0.003	0.000	133.1015625	WAIT
341.505219	0.018	0.004	131.6953125	WAIT
343.000032	0.018	0.004	128.2265625	WAIT
344.505184	0.018	0.004	125.75	WAIT
346.000038	0.018	0.004	123.4765625	WAIT
347.501982	0.018	0.003	120.921875	WAIT
349.000082	0.018	0.003	118.4921875	WAIT
350.505205	0.018	0.004	116.359375	WAIT
352.000062	0.018	0.004	114.546875	WAIT
353.505206	0.018	0.004	113.484375	WAIT
355.000151	0.018	0.004	111.7265625	WAIT
356.502225	0.018	0.004	110.0703125	WAIT
358.000051	0.017	0.003	108.9453125	WAIT
359.505229	0.018	0.003	107.65625	WAIT
361.000168	0.018	0.003	106.3046875	WAIT
362.503378	0.018	0.004	105.09375	WAIT
364.000073	0.018	0.003	103.9453125	WAIT
365.502348	0.018	0.005	103.3828125	WAIT
367.000103	0.018	0.004	102.84375	WAIT
368.505224	0.019	0.004	102.578125	WAIT
369.999900	0.018	0.003	101.8359375	WAIT
371.504560	0.018	0.003	101.1953125	WAIT
373.000058	0.018	0.003	100.109375	WAIT
374.505166	0.018	0.004	99.203125	WAIT
376.000072	0.018	0.004	98.359375	WAIT
377.500399	0.018	0.004	97.453125	WAIT
379.000215	0.018	0.004	96.6484375	WAIT
380.504319	0.019	0.005	96.25	WAIT
382.000145	0.018	0.003	96.1171875	WAIT
383.505216	0.018	0.003	95.421875	WAIT
385.000190	0.018	0.003	94.640625	WAIT
386.503890	0.018	0.004	94.109375	WAIT
388.000044	0.018	0.003	93.6953125	WAIT
389.505303	0.019	0.003	93.109375	WAIT
391.000833	0.018	0.003	93.1640625	WAIT
392.502235	0.017	0.004	92.4765625	WAIT
394.000105	0.018	0.002	92.1328125	WAIT
395.501707	0.018	0.003	91.734375	WAIT
397.000175	0.018	0.003	91.046875	WAIT
398.521274	0.018	0.003	90.6640625	WAIT
400.000064	0.018	0.002	89.8828125	WAIT
401.505244	0.018	0.004	89.3828125	WAIT
403.000104	0.018	0.003	89.265625	WAIT
404.501815	0.018	0.004	88.8671875	WAIT
406.000168	0.018	0.003	88.9296875	WAIT
407.505253	0.018	0.003	88.484375	WAIT
409.000083	0.018	0.003	87.9296875	WAIT
410.501101	0.019	0.005	87.375	WAIT
412.000188	0.018	0.003	87.4296875	WAIT
413.504434	0.018	0.003	87.0234375	WAIT
415.000079	0.019	0.003	86.4921875	WAIT
416.505227	0.018	0.003	86.375	WAIT
418.000101	0.018	0.003	85.671875	WAIT
419.505229	0.019	0.003	85.234375	WAIT
421.000084	0.018	0.003	85.484375	WAIT
422.501283	0.018	0.003	84.9296875	WAIT
424.000113	0.018	0.003	84.515625	WAIT
425.505285	0.018	0.003	84.0234375	WAIT
427.000049	0.018	0.003	83.5234375	WAIT
428.505161	0.019	0.004	83.171875	WAIT
430.000097	0.019	0.003	83.3203125	WAIT
431.500363	0.018	0.003	83.015625	WAIT
433.000083	0.018	0.003	82.5625	WAIT
434.501774	0.018	0.003	82.125	WAIT
436.000074	0.018	0.003	82.15625	WAIT
437.500879	0.018	0.003	81.7890625	WAIT
438.999944	0.018	0.002	81.6796875	WAIT
440.505215	0.017	0.002	81.375	WAIT
442.000052	0.018	0.003	80.78125	WAIT
443.513587	0.018	0.003	80.4453125	WAIT
445.000098	0.018	0.002	80.1640625	WAIT
446.505278	0.018	0.003	79.6328125	WAIT
448.000148	0.018	0.003	79.34375	WAIT
449.503519	0.018	0.003	79.09375	WAIT
451.000133	0.018	0.003	79.0078125	WAIT
452.505205	0.018	0.003	78.6875	WAIT
454.000038	0.018	0.003	78.734375	WAIT
455.503665	0.018	0.003	79.0546875	WAIT
457.000143	0.018	0.003	79.359375	WAIT
458.501236	0.018	0.002	78.84375	WAIT
460.000085	0.018	0.002	78.3359375	WAIT
461.505214	0.018	0.004	78.25	WAIT
463.000159	0.018	0.002	78.515625	WAIT
464.503928	0.018	0.003	77.9609375	WAIT
466.000126	0.018	0.002	77.890625	WAIT
467.505261	0.018	0.003	78.03125	WAIT
469.000308	0.019	0.003	77.671875	WAIT
470.505228	0.018	0.003	78.0	WAIT
472.000065	0.018	0.003	78.015625	WAIT
473.505248	0.018	0.003	77.640625	WAIT
475.000077	0.018	0.002	77.5	WAIT
476.505228	0.018	0.002	77.1796875	WAIT
478.000135	0.018	0.003	76.65625	WAIT
479.505246	0.018	0.003	76.25	WAIT
481.000092	0.018	0.002	75.7578125	WAIT
482.500797	0.018	0.003	75.2734375	WAIT
484.000059	0.018	0.002	75.09375	WAIT
485.505317	0.018	0.003	74.75	WAIT
487.000121	0.018	0.003	74.7734375	WAIT
488.504971	0.018	0.003	74.6484375	WAIT
490.000120	0.018	0.002	74.375	WAIT
491.505238	0.018	0.004	74.0	WAIT
493.000049	0.018	0.003	74.328125	WAIT
494.504808	0.018	0.002	74.0390625	WAIT
496.000089	0.018	0.002	73.65625	WAIT
497.505209	0.018	0.004	73.546875	WAIT
498.999952	0.018	0.003	73.5078125	WAIT
500.505202	0.018	0.003	73.546875	WAIT
502.000160	0.018	0.003	73.4765625	WAIT
503.503772	0.018	0.003	73.3359375	WAIT
505.000054	0.018	0.002	72.9609375	WAIT
506.505231	0.018	0.003	72.875	WAIT
508.000161	0.017	0.003	72.34375	WAIT
509.505208	0.017	0.002	72.1796875	WAIT
511.000164	0.017	0.002	71.765625	WAIT
512.504171	0.018	0.002	71.375	WAIT
514.000082	0.018	0.003	70.9453125	WAIT
515.505234	0.018	0.003	70.71875	WAIT
517.000081	0.017	0.003	70.921875	WAIT
518.503416	0.017	0.002	70.484375	WAIT
520.000100	0.018	0.002	70.2265625	WAIT
521.509126	0.018	0.002	69.96875	WAIT
523.000106	0.017	0.002	70.0859375	WAIT
524.505265	0.018	0.003	70.015625	WAIT
526.000061	0.018	0.002	69.625	WAIT
527.503223	0.018	0.003	69.265625	WAIT
529.000149	0.018	0.002	69.3984375	WAIT
530.502486	0.018	0.002	69.1640625	WAIT
532.000142	0.018	0.002	69.09375	WAIT
533.504884	0.018	0.002	68.6484375	WAIT
535.000059	0.018	0.002	68.53125	WAIT
536.505251	0.018	0.002	68.8203125	WAIT
538.000054	0.017	0.002	68.78125	WAIT
539.505220	0.018	0.003	68.8359375	WAIT
