#Resonance Frequency: 160500.000 kHz
#Set Current: 27.23 A
Time [s]	Current [A]	Voltage [V]	T0 [degC]	State
0.000022	0.001	0.000	23.0078125	BEFORE
0.499957	0.001	0.000	22.9921875	BEFORE
0.999885	0.001	0.000	23.046875	BEFORE
1.499965	0.001	0.000	23.0625	BEFORE
1.999706	0.001	0.000	22.953125	BEFORE
2.499969	0.001	0.000	22.921875	BEFORE
3.004860	0.001	0.000	23.0234375	BEFORE
3.499981	0.001	0.000	23.0078125	BEFORE
3.999707	0.002	0.000	23.140625	BEFORE
4.499961	0.001	0.000	22.9921875	BEFORE
4.999768	0.001	0.000	22.9375	BEFORE
5.499962	0.001	0.000	23.0234375	BEFORE
5.999820	0.002	0.000	23.046875	BEFORE
6.500258	0.001	0.000	22.9921875	BEFORE
6.999697	0.001	0.000	22.9375	BEFORE
7.505167	0.001	0.000	22.9375	BEFORE
7.999864	0.001	0.000	23.078125	BEFORE
8.499957	0.001	0.000	23.1171875	BEFORE
8.999740	0.002	0.000	23.0234375	BEFORE
9.499934	0.001	0.000	22.9921875	BEFORE
10.004996	0.001	0.000	22.921875	BEFORE
10.499953	0.001	0.000	23.0625	BEFORE
10.999752	0.001	0.000	23.0078125	BEFORE
11.499956	0.001	0.000	22.859375	BEFORE
11.999981	0.002	0.000	23.0078125	BEFORE
12.500092	0.002	0.000	23.1015625	BEFORE
12.999821	0.001	0.000	22.9375	BEFORE
13.505166	0.002	0.000	23.0234375	BEFORE
13.999741	0.001	0.000	23.0625	BEFORE
14.500004	0.001	0.000	22.9921875	BEFORE
14.999697	0.001	0.000	23.0078125	BEFORE
15.505132	0.001	0.000	22.921875	BEFORE
15.999741	0.001	0.000	23.0234375	BEFORE
16.500075	0.001	0.000	22.953125	BEFORE
16.999747	0.001	0.000	22.96875	BEFORE
17.499951	0.001	0.000	23.1015625	BEFORE
17.999743	0.001	0.000	23.0234375	BEFORE
18.499967	0.001	0.000	23.0078125	BEFORE
18.999736	0.001	0.000	22.921875	BEFORE
19.499968	0.000	0.000	22.9375	BEFORE
19.999956	0.001	0.000	22.84375	BEFORE
20.499960	0.002	0.000	22.953125	BEFORE
21.001343	0.001	0.000	22.9921875	BEFORE
21.500021	0.001	0.000	22.9375	BEFORE
21.999707	0.002	0.000	22.953125	BEFORE
22.505158	0.001	0.000	22.859375	BEFORE
22.999784	0.001	0.000	22.9375	BEFORE
23.499962	0.001	0.000	22.953125	BEFORE
23.999819	0.001	0.000	23.0078125	BEFORE
24.499955	0.001	0.000	22.953125	BEFORE
24.999941	0.000	0.000	22.859375	BEFORE
25.499955	0.000	0.000	22.921875	BEFORE
25.999947	0.001	0.000	22.84375	BEFORE
26.499958	0.001	0.000	22.9375	BEFORE
26.999806	0.001	0.000	22.921875	BEFORE
27.499985	0.001	0.000	22.921875	BEFORE
27.999756	0.001	0.000	22.953125	BEFORE
28.499981	0.001	0.000	22.8984375	BEFORE
28.999860	0.001	0.000	22.7890625	BEFORE
29.500065	0.001	0.000	22.9375	BEFORE
29.999738	0.001	0.000	22.96875	BEFORE
30.499997	0.002	0.000	22.921875	BEFORE
30.999735	0.001	0.000	22.953125	BEFORE
31.502153	0.001	0.000	22.8046875	BEFORE
31.999753	0.001	0.000	22.859375	BEFORE
32.499985	0.001	0.000	22.8984375	BEFORE
32.999732	0.001	0.000	22.8046875	BEFORE
33.499953	0.001	0.000	22.8046875	BEFORE
34.004871	0.002	0.000	22.84375	BEFORE
34.500025	0.002	0.000	22.9375	BEFORE
34.999769	0.001	0.000	22.9375	BEFORE
35.505144	0.002	0.000	22.859375	BEFORE
35.999860	0.001	0.000	22.84375	BEFORE
36.500058	0.002	0.000	22.921875	BEFORE
36.999699	0.001	0.000	22.828125	BEFORE
37.499962	0.001	0.000	22.84375	BEFORE
37.999886	0.000	0.000	22.828125	BEFORE
38.500057	0.001	0.000	22.71875	BEFORE
38.999775	0.001	0.000	22.828125	BEFORE
39.499976	0.001	0.000	22.7890625	BEFORE
40.004938	0.001	0.000	22.84375	BEFORE
40.499943	0.001	0.000	22.75	BEFORE
40.999743	0.001	0.000	22.828125	BEFORE
41.500001	0.001	0.000	22.8984375	BEFORE
41.999722	0.000	0.000	22.828125	BEFORE
42.505102	0.001	0.000	22.7734375	BEFORE
42.999737	0.002	0.000	22.75	BEFORE
43.500002	0.001	0.000	22.859375	BEFORE
43.999835	0.001	0.000	22.7890625	BEFORE
44.505133	0.001	0.000	22.9375	BEFORE
44.999725	0.001	0.000	22.828125	BEFORE
45.499972	0.001	0.000	22.921875	BEFORE
45.999761	0.001	0.000	22.7734375	BEFORE
46.499951	0.000	0.000	22.8828125	BEFORE
46.999753	0.001	0.000	22.953125	BEFORE
47.505081	0.002	0.000	22.75	BEFORE
47.999815	0.001	0.000	22.828125	BEFORE
48.499949	0.001	0.000	22.84375	BEFORE
48.999749	0.001	0.000	22.828125	BEFORE
49.500052	0.001	0.000	22.859375	BEFORE
50.004935	0.001	0.000	22.828125	BEFORE
50.499987	0.001	0.000	22.734375	BEFORE
50.999712	0.001	0.000	22.7890625	BEFORE
51.503915	0.001	0.000	22.7734375	BEFORE
51.999747	0.002	0.000	22.6953125	BEFORE
52.499960	0.001	0.000	22.6796875	BEFORE
52.999763	0.001	0.000	22.7890625	BEFORE
53.499953	0.002	0.000	22.7734375	BEFORE
53.999774	0.001	0.000	22.8046875	BEFORE
54.500030	0.001	0.000	22.84375	BEFORE
54.999782	0.001	0.000	22.828125	BEFORE
55.499959	0.001	0.000	22.734375	BEFORE
55.999843	0.001	0.000	22.734375	BEFORE
56.499975	0.001	0.000	22.6953125	BEFORE
56.999756	0.001	0.000	22.75	BEFORE
57.499985	0.002	0.000	22.75	BEFORE
58.003240	0.001	0.000	22.84375	BEFORE
58.499923	0.001	0.000	22.71875	BEFORE
58.999780	0.001	0.000	22.75	BEFORE
59.499958	0.002	0.000	22.75	BEFORE
59.999754	0.001	0.000	22.640625	BEFORE
61.000047	27.131	37.505	22.6796875	EXPOSING
61.500041	27.134	37.758	23.6484375	EXPOSING
61.999747	27.134	37.899	24.34375	EXPOSING
62.500014	27.136	37.986	25.015625	EXPOSING
62.999771	27.134	38.038	27.0078125	EXPOSING
63.499955	27.134	38.100	27.96875	EXPOSING
63.999815	27.135	38.147	30.453125	EXPOSING
64.499974	27.135	38.175	31.125	EXPOSING
65.004997	27.135	38.233	32.9453125	EXPOSING
65.499950	27.135	38.252	33.765625	EXPOSING
65.999880	27.135	38.281	35.09375	EXPOSING
66.499973	27.135	38.301	35.7421875	EXPOSING
66.999712	27.137	38.319	36.921875	EXPOSING
67.507568	27.135	38.316	37.390625	EXPOSING
67.999929	27.137	38.341	38.140625	EXPOSING
68.500092	27.136	38.355	38.6953125	EXPOSING
68.999869	27.135	38.369	39.234375	EXPOSING
69.499982	27.136	38.377	39.7109375	EXPOSING
69.999758	27.134	38.396	40.4453125	EXPOSING
70.499965	27.135	38.400	40.734375	EXPOSING
70.999744	27.136	38.404	41.265625	EXPOSING
71.499964	27.135	38.410	41.4453125	EXPOSING
71.999805	27.135	38.413	42.09375	EXPOSING
72.505101	27.135	38.417	42.359375	EXPOSING
72.999749	27.135	38.426	42.875	EXPOSING
73.500003	27.135	38.436	43.046875	EXPOSING
73.999739	27.135	38.438	43.5625	EXPOSING
74.499995	27.135	38.439	43.671875	EXPOSING
74.999809	27.135	38.443	44.21875	EXPOSING
75.500018	27.135	38.454	44.359375	EXPOSING
75.999824	27.135	38.456	44.6953125	EXPOSING
76.505109	27.135	38.469	44.984375	EXPOSING
76.999789	27.136	38.466	45.3359375	EXPOSING
77.499962	27.136	38.470	45.65625	EXPOSING
77.999753	27.137	38.483	46.0234375	EXPOSING
78.499963	27.138	38.495	46.203125	EXPOSING
78.999726	27.139	38.503	46.65625	EXPOSING
79.505112	27.139	38.502	46.6796875	EXPOSING
79.999794	27.139	38.515	47.1015625	EXPOSING
80.499969	27.139	38.513	47.2578125	EXPOSING
80.999838	27.141	38.522	47.578125	EXPOSING
81.500121	27.141	38.513	47.75	EXPOSING
81.999742	27.141	38.527	48.140625	EXPOSING
82.500032	27.140	38.536	48.1953125	EXPOSING
82.999852	27.142	38.544	48.7578125	EXPOSING
83.499980	27.140	38.556	48.8828125	EXPOSING
83.999729	27.141	38.557	49.3203125	EXPOSING
84.499979	27.140	38.564	49.4609375	EXPOSING
84.999709	27.140	38.568	49.7421875	EXPOSING
85.499953	27.140	38.557	49.8671875	EXPOSING
85.999821	27.139	38.567	50.1484375	EXPOSING
86.499962	27.140	38.579	50.3046875	EXPOSING
86.999792	27.140	38.577	50.6796875	EXPOSING
87.499960	27.142	38.578	50.765625	EXPOSING
87.999677	27.138	38.580	51.1640625	EXPOSING
88.499955	27.141	38.586	51.3125	EXPOSING
88.999823	27.139	38.589	51.5703125	EXPOSING
89.500022	27.140	38.598	51.734375	EXPOSING
89.999769	27.140	38.601	52.0625	EXPOSING
90.505192	27.141	38.609	52.171875	EXPOSING
90.999774	27.139	38.614	52.4296875	EXPOSING
91.499984	27.140	38.619	52.5390625	EXPOSING
91.999804	27.140	38.620	52.890625	EXPOSING
92.500010	27.141	38.618	52.9765625	EXPOSING
92.999759	27.140	38.623	53.2734375	EXPOSING
93.499980	27.139	38.623	53.328125	EXPOSING
93.999749	27.140	38.625	53.625	EXPOSING
94.505214	27.140	38.633	53.78125	EXPOSING
94.999773	27.140	38.638	54.1796875	EXPOSING
95.499977	27.140	38.645	54.2578125	EXPOSING
95.999737	27.141	38.655	54.4453125	EXPOSING
96.499976	27.141	38.657	54.5546875	EXPOSING
96.999735	27.140	38.657	54.8984375	EXPOSING
97.499958	27.141	38.665	54.9921875	EXPOSING
97.999734	27.140	38.667	55.3046875	EXPOSING
98.500030	27.141	38.674	55.3203125	EXPOSING
98.999760	27.141	38.670	55.546875	EXPOSING
99.499987	27.140	38.668	55.8828125	EXPOSING
99.999762	27.141	38.673	56.125	EXPOSING
100.499949	27.141	38.678	56.140625	EXPOSING
100.999745	27.140	38.680	56.5234375	EXPOSING
101.499958	27.140	38.687	56.59375	EXPOSING
102.003805	27.140	38.682	56.7890625	EXPOSING
102.499969	27.141	38.691	56.9609375	EXPOSING
102.999789	27.140	38.683	57.15625	EXPOSING
103.499968	27.140	38.700	57.3125	EXPOSING
103.999722	27.141	38.695	57.5390625	EXPOSING
104.500160	27.140	38.698	57.609375	EXPOSING
104.999856	27.140	38.701	57.765625	EXPOSING
105.499992	27.140	38.705	57.921875	EXPOSING
105.999724	27.141	38.714	58.25	EXPOSING
106.504939	27.140	38.716	58.1484375	EXPOSING
106.999747	27.141	38.722	58.40625	EXPOSING
107.500020	27.141	38.726	58.5859375	EXPOSING
107.999892	27.141	38.730	58.7265625	EXPOSING
108.505130	27.140	38.732	58.875	EXPOSING
108.999767	27.141	38.730	59.109375	EXPOSING
109.500086	27.140	38.733	59.1953125	EXPOSING
109.999750	27.139	38.735	59.3828125	EXPOSING
110.499963	27.140	38.740	59.3828125	EXPOSING
110.999758	27.139	38.743	59.640625	EXPOSING
111.501332	27.139	38.749	59.8203125	EXPOSING
111.999797	27.141	38.750	59.875	EXPOSING
112.500004	27.140	38.756	60.078125	EXPOSING
113.000346	27.138	38.757	60.1328125	EXPOSING
113.499992	27.141	38.766	60.3203125	EXPOSING
113.999695	27.140	38.771	60.53125	EXPOSING
114.505184	27.142	38.768	60.6328125	EXPOSING
114.999732	27.139	38.775	60.7890625	EXPOSING
115.499972	27.139	38.777	60.96875	EXPOSING
115.999761	27.138	38.784	61.03125	EXPOSING
116.499964	27.140	38.776	61.171875	EXPOSING
116.999850	27.140	38.781	61.328125	EXPOSING
117.499972	27.140	38.788	61.4296875	EXPOSING
117.999732	27.140	38.782	61.5859375	EXPOSING
118.499964	27.139	38.788	61.609375	EXPOSING
118.999737	27.139	38.792	61.8125	EXPOSING
119.499991	27.139	38.794	61.953125	EXPOSING
119.999815	27.139	38.791	62.2109375	EXPOSING
121.000038	0.019	0.007	62.109375	WAIT
121.499950	0.018	0.004	61.34375	WAIT
122.500096	0.017	0.002	60.5859375	WAIT
122.999927	0.009	0.000	58.6328125	WAIT
123.499953	0.002	0.000	57.3125	WAIT
123.999761	0.002	0.000	54.8359375	WAIT
124.500030	0.002	0.000	53.9765625	WAIT
124.999860	0.002	0.000	52.1328125	WAIT
125.499930	0.002	0.000	51.2578125	WAIT
125.999885	0.001	0.000	50.328125	WAIT
126.504312	0.002	0.000	49.3359375	WAIT
126.999816	0.002	0.000	48.6171875	WAIT
127.500004	0.002	0.000	47.984375	WAIT
127.999898	0.002	0.000	47.328125	WAIT
128.499998	0.002	0.000	46.9453125	WAIT
129.007420	0.002	0.000	46.46875	WAIT
129.499986	0.002	0.000	46.1484375	WAIT
129.999913	0.002	0.000	45.8125	WAIT
130.500023	0.002	0.000	45.3515625	WAIT
130.999751	0.002	0.000	45.015625	WAIT
131.500011	0.002	0.000	44.7890625	WAIT
131.999805	0.001	0.000	44.46875	WAIT
132.505132	0.002	0.000	44.2890625	WAIT
132.999810	0.002	0.000	43.8984375	WAIT
133.499958	0.002	0.000	43.796875	WAIT
133.999728	0.002	0.000	43.4375	WAIT
134.507421	0.001	0.000	43.265625	WAIT
134.999890	0.002	0.000	43.046875	WAIT
135.500035	0.002	0.000	42.890625	WAIT
135.999944	0.002	0.000	42.5859375	WAIT
136.499987	0.001	0.000	42.4453125	WAIT
136.999786	0.002	0.000	42.203125	WAIT
137.500007	0.001	0.000	42.09375	WAIT
137.999730	0.002	0.000	41.6875	WAIT
138.500018	0.001	0.000	41.7265625	WAIT
138.999938	0.001	0.000	41.4921875	WAIT
139.499964	0.001	0.000	41.25	WAIT
140.000012	0.002	0.000	41.2109375	WAIT
140.499958	0.002	0.000	40.875	WAIT
140.999936	0.001	0.000	40.7109375	WAIT
141.499973	0.002	0.000	40.5703125	WAIT
141.999745	0.001	0.000	40.3203125	WAIT
142.499968	0.002	0.000	40.28125	WAIT
142.999782	0.002	0.000	39.9453125	WAIT
143.505168	0.001	0.000	39.859375	WAIT
143.999796	0.001	0.000	39.515625	WAIT
144.500017	0.001	0.000	39.5546875	WAIT
144.999806	0.001	0.000	39.265625	WAIT
145.499986	0.001	0.000	39.1953125	WAIT
145.999776	0.001	0.000	38.875	WAIT
146.499976	0.002	0.000	38.765625	WAIT
146.999723	0.001	0.000	38.625	WAIT
147.505146	0.002	0.000	38.5234375	WAIT
147.999744	0.001	0.000	38.28125	WAIT
148.500094	0.001	0.000	38.359375	WAIT
148.999953	0.001	0.000	38.0703125	WAIT
149.500155	0.001	0.000	37.8359375	WAIT
150.005063	0.001	0.000	37.75	WAIT
150.499949	0.001	0.000	37.609375	WAIT
150.999865	0.001	0.000	37.4765625	WAIT
151.499986	0.001	0.000	37.3203125	WAIT
151.999825	0.001	0.000	37.1953125	WAIT
152.499977	0.001	0.000	37.109375	WAIT
152.999910	0.001	0.000	36.9453125	WAIT
153.505155	0.001	0.000	36.8359375	WAIT
153.999735	0.001	0.000	36.6953125	WAIT
154.500000	0.001	0.000	36.6015625	WAIT
154.999717	0.001	0.000	36.296875	WAIT
155.499961	0.001	0.000	36.28125	WAIT
155.999716	0.002	0.000	36.1171875	WAIT
156.500667	0.001	0.000	36.15625	WAIT
156.999870	0.001	0.000	35.921875	WAIT
157.500001	0.001	0.000	35.7734375	WAIT
157.999900	0.001	0.000	35.6328125	WAIT
158.500100	0.001	0.000	35.6171875	WAIT
158.999791	0.001	0.000	35.3828125	WAIT
159.499971	0.001	0.000	35.3828125	WAIT
159.999714	0.001	0.000	35.109375	WAIT
160.499963	0.001	0.000	35.0703125	WAIT
161.004897	0.002	0.000	34.8984375	WAIT
161.499958	0.002	0.000	34.9296875	WAIT
161.999755	0.002	0.000	34.5703125	WAIT
162.500015	0.002	0.000	34.71875	WAIT
162.999887	0.002	0.000	34.484375	WAIT
163.505178	0.001	0.000	34.4296875	WAIT
163.999881	0.001	0.000	34.3046875	WAIT
164.500075	0.001	0.000	34.15625	WAIT
164.999708	0.001	0.000	34.0859375	WAIT
165.500092	0.002	0.000	33.9765625	WAIT
165.999748	0.002	0.000	33.9375	WAIT
166.499982	0.001	0.000	33.8515625	WAIT
166.999745	0.002	0.000	33.828125	WAIT
167.505152	0.001	0.000	33.671875	WAIT
167.999746	0.001	0.000	33.546875	WAIT
168.500002	0.002	0.000	33.3984375	WAIT
168.999953	0.002	0.000	33.3828125	WAIT
169.501770	0.002	0.000	33.203125	WAIT
169.999800	0.001	0.000	33.0625	WAIT
170.499963	0.001	0.000	33.1171875	WAIT
170.999682	0.001	0.000	32.9453125	WAIT
171.507361	0.001	0.000	32.96875	WAIT
171.999817	0.002	0.000	32.75	WAIT
172.506567	0.002	0.000	32.75	WAIT
172.999785	0.001	0.000	32.609375	WAIT
173.500025	0.002	0.000	32.40625	WAIT
173.999796	0.001	0.000	32.375	WAIT
174.505255	0.002	0.000	32.3203125	WAIT
174.999829	0.002	0.000	32.15625	WAIT
175.500037	0.001	0.000	32.2265625	WAIT
175.999873	0.001	0.000	32.046875	WAIT
176.505237	0.001	0.000	31.9765625	WAIT
176.999773	0.001	0.000	31.8515625	WAIT
177.499962	0.001	0.000	31.796875	WAIT
177.999905	0.002	0.000	31.7734375	WAIT
178.499965	0.001	0.000	31.703125	WAIT
178.999950	0.002	0.000	31.5625	WAIT
179.500004	0.002	0.000	31.46875	WAIT
179.999965	0.002	0.000	31.453125	WAIT
180.500017	0.002	0.000	31.3203125	WAIT
180.999942	0.001	0.000	31.359375	WAIT
181.499946	0.001	0.000	31.1796875	WAIT
181.999735	0.002	0.000	31.0703125	WAIT
182.500006	0.002	0.000	31.0703125	WAIT
183.004892	0.001	0.000	30.9453125	WAIT
183.499943	0.002	0.000	30.90625	WAIT
183.999789	0.002	0.000	30.7421875	WAIT
184.499952	0.002	0.000	30.7421875	WAIT
184.999827	0.002	0.000	30.765625	WAIT
185.499982	0.002	0.000	30.7109375	WAIT
185.999793	0.001	0.000	30.4921875	WAIT
186.499946	0.002	0.000	30.4765625	WAIT
187.000880	0.001	0.000	30.453125	WAIT
187.499916	0.002	0.000	30.328125	WAIT
187.999792	0.001	0.000	30.21875	WAIT
188.499948	0.001	0.000	30.21875	WAIT
188.999750	0.002	0.000	30.109375	WAIT
189.500074	0.002	0.000	30.1640625	WAIT
189.999738	0.001	0.000	29.984375	WAIT
190.500072	0.001	0.000	30.0390625	WAIT
190.999815	0.002	0.000	29.9140625	WAIT
191.499955	0.001	0.000	29.984375	WAIT
191.999737	0.001	0.000	29.8046875	WAIT
192.499954	0.002	0.000	29.671875	WAIT
192.999881	0.002	0.000	29.640625	WAIT
193.499945	0.001	0.000	29.640625	WAIT
193.999850	0.001	0.000	29.5859375	WAIT
194.499961	0.002	0.000	29.4765625	WAIT
195.007412	0.001	0.000	29.421875	WAIT
195.500019	0.001	0.000	29.328125	WAIT
195.999814	0.002	0.000	29.296875	WAIT
196.500000	0.002	0.000	29.328125	WAIT
196.999755	0.001	0.000	29.203125	WAIT
197.499955	0.001	0.000	29.1484375	WAIT
197.999856	0.001	0.000	29.1484375	WAIT
198.499959	0.002	0.000	29.078125	WAIT
198.999731	0.002	0.000	28.8203125	WAIT
199.500183	0.002	0.000	28.9453125	WAIT
199.999821	0.002	0.000	28.8203125	WAIT
200.505207	0.002	0.000	28.765625	WAIT
200.999762	0.001	0.000	28.7109375	WAIT
201.499957	0.001	0.000	28.65625	WAIT
201.999862	0.002	0.000	28.6015625	WAIT
202.499957	0.001	0.000	28.65625	WAIT
202.999913	0.001	0.000	28.625	WAIT
203.499964	0.001	0.000	28.5	WAIT
203.999713	0.001	0.000	28.390625	WAIT
204.500316	0.001	0.000	28.4765625	WAIT
204.999904	0.002	0.000	28.421875	WAIT
205.500013	0.002	0.000	28.3359375	WAIT
205.999849	0.002	0.000	28.2578125	WAIT
206.500007	0.002	0.000	28.1875	WAIT
206.999718	0.001	0.000	28.1484375	WAIT
207.500078	0.001	0.000	28.0234375	WAIT
207.999884	0.001	0.000	28.0625	WAIT
208.499972	0.002	0.000	28.0234375	WAIT
208.999772	0.001	0.000	27.8984375	WAIT
209.499981	0.001	0.000	27.96875	WAIT
209.999862	0.002	0.000	27.9296875	WAIT
210.500026	0.001	0.000	27.84375	WAIT
210.999727	0.001	0.000	27.7734375	WAIT
211.499962	0.001	0.000	27.8046875	WAIT
211.999785	0.002	0.000	27.71875	WAIT
212.499977	0.002	0.000	27.6796875	WAIT
213.004937	0.001	0.000	27.625	WAIT
213.499950	0.002	0.000	27.65625	WAIT
213.999821	0.002	0.000	27.4609375	WAIT
214.499954	0.002	0.000	27.40625	WAIT
215.001114	0.002	0.000	27.390625	WAIT
215.499955	0.002	0.000	27.515625	WAIT
215.999746	0.002	0.000	27.3125	WAIT
216.500098	0.002	0.000	27.28125	WAIT
216.999778	0.002	0.000	27.3125	WAIT
217.505161	0.001	0.000	27.2578125	WAIT
217.999911	0.002	0.000	27.2578125	WAIT
218.499956	0.002	0.000	27.2421875	WAIT
218.999726	0.002	0.000	27.1875	WAIT
219.499974	0.002	0.000	27.1640625	WAIT
219.999856	0.002	0.000	27.09375	WAIT
220.500001	0.001	0.000	27.0234375	WAIT
220.999856	0.001	0.000	26.84375	WAIT
221.499983	0.001	0.000	27.0234375	WAIT
221.999760	0.001	0.000	26.875	WAIT
222.499959	0.001	0.000	26.875	WAIT
222.999827	0.002	0.000	26.8046875	WAIT
223.499969	0.001	0.000	26.859375	WAIT
223.999987	0.001	0.000	26.8046875	WAIT
224.499954	0.002	0.000	26.734375	WAIT
224.999955	0.002	0.000	26.6796875	WAIT
225.499956	0.003	0.000	26.6796875	WAIT
225.999900	0.002	0.000	26.625	WAIT
226.500065	0.002	0.000	26.5859375	WAIT
226.999834	0.002	0.000	26.640625	WAIT
227.499945	0.001	0.000	26.515625	WAIT
227.999976	0.002	0.000	26.515625	WAIT
228.499950	0.002	0.000	26.53125	WAIT
228.999957	0.001	0.000	26.40625	WAIT
229.500001	0.002	0.000	26.421875	WAIT
229.999733	0.001	0.000	26.2734375	WAIT
230.499954	0.001	0.000	26.4375	WAIT
230.999862	0.002	0.000	26.2734375	WAIT
231.500022	0.001	0.000	26.2734375	WAIT
231.999848	0.002	0.000	26.21875	WAIT
232.499961	0.001	0.000	26.1875	WAIT
232.999703	0.001	0.000	26.109375	WAIT
233.500034	0.002	0.000	26.296875	WAIT
233.999962	0.001	0.000	26.1328125	WAIT
234.499999	0.001	0.000	26.09375	WAIT
234.999994	0.001	0.000	26.1484375	WAIT
235.499903	0.002	0.000	26.0546875	WAIT
235.999946	0.001	0.000	25.96875	WAIT
236.499971	0.002	0.000	26.0078125	WAIT
236.999941	0.001	0.000	26.0078125	WAIT
237.499831	0.001	0.000	25.9296875	WAIT
237.999962	0.001	0.000	25.9140625	WAIT
238.499952	0.002	0.000	25.9296875	WAIT
238.999898	0.001	0.000	25.953125	WAIT
239.499955	0.001	0.000	25.859375	WAIT
239.999955	0.001	0.000	25.8203125	WAIT
