#Resonance Frequency: 160500.000 kHz
#Set Current: 21.18 A
Time [s]	Current [A]	Voltage [V]	T0 [degC]	State
0.000042	0.002	0.000	25.640625	BEFORE
0.500189	0.001	0.000	25.6015625	BEFORE
1.000097	0.001	0.000	25.6015625	BEFORE
1.501022	0.001	0.000	25.65625	BEFORE
2.000056	0.002	0.000	25.765625	BEFORE
2.500179	0.002	0.000	25.6015625	BEFORE
2.999998	0.001	0.000	25.5703125	BEFORE
3.500212	0.001	0.000	25.65625	BEFORE
4.000153	0.001	0.000	25.5078125	BEFORE
4.501158	0.001	0.000	25.5859375	BEFORE
4.999893	0.001	0.000	25.5859375	BEFORE
5.500230	0.001	0.000	25.6015625	BEFORE
6.004820	0.001	0.000	25.5078125	BEFORE
6.500204	0.001	0.000	25.5078125	BEFORE
7.000186	0.001	0.000	25.6796875	BEFORE
7.500185	0.001	0.000	25.5703125	BEFORE
7.999925	0.002	0.000	25.453125	BEFORE
8.505328	0.001	0.000	25.65625	BEFORE
9.000021	0.002	0.000	25.5859375	BEFORE
9.500184	0.001	0.000	25.5703125	BEFORE
9.999988	0.001	0.000	25.546875	BEFORE
10.500283	0.001	0.000	25.53125	BEFORE
10.999873	0.001	0.000	25.6015625	BEFORE
11.500387	0.001	0.000	25.4921875	BEFORE
11.999963	0.001	0.000	25.5078125	BEFORE
12.500225	0.001	0.000	25.546875	BEFORE
12.999953	0.001	0.000	25.53125	BEFORE
13.500248	0.001	0.000	25.453125	BEFORE
13.999982	0.001	0.000	25.453125	BEFORE
14.500217	0.001	0.000	25.453125	BEFORE
14.999959	0.001	0.000	25.4921875	BEFORE
15.500260	0.002	0.000	25.5078125	BEFORE
15.999969	0.001	0.000	25.5078125	BEFORE
16.500205	0.001	0.000	25.421875	BEFORE
17.000203	0.001	0.000	25.3828125	BEFORE
17.500732	0.002	0.000	25.4375	BEFORE
17.999993	0.001	0.000	25.328125	BEFORE
18.501008	0.002	0.000	25.453125	BEFORE
18.999890	0.001	0.000	25.3828125	BEFORE
19.500230	0.001	0.000	25.453125	BEFORE
20.500484	0.001	0.000	25.421875	BEFORE
21.000041	0.002	0.000	25.3828125	BEFORE
21.500254	0.002	0.000	25.34375	BEFORE
22.001467	0.001	0.000	25.3828125	BEFORE
22.500224	0.001	0.000	25.453125	BEFORE
22.999977	0.001	0.000	25.34375	BEFORE
23.500181	0.001	0.000	25.3125	BEFORE
24.500258	0.001	0.000	25.328125	BEFORE
25.005081	0.002	0.000	25.203125	BEFORE
25.509247	0.002	0.000	25.4375	BEFORE
26.000395	0.002	0.000	25.296875	BEFORE
26.500340	0.002	0.000	25.1796875	BEFORE
27.002225	0.001	0.000	25.34375	BEFORE
27.500259	0.002	0.000	25.3828125	BEFORE
28.000015	0.002	0.000	25.1640625	BEFORE
28.500286	0.001	0.000	25.09375	BEFORE
29.000064	0.001	0.000	25.21875	BEFORE
29.500211	0.001	0.000	25.328125	BEFORE
30.000020	0.001	0.000	25.203125	BEFORE
30.500210	0.001	0.000	25.2578125	BEFORE
30.999936	0.002	0.000	25.1796875	BEFORE
31.500304	0.002	0.000	25.1640625	BEFORE
32.000030	0.001	0.000	25.1640625	BEFORE
32.500252	0.001	0.000	25.2734375	BEFORE
33.004564	0.001	0.000	25.296875	BEFORE
33.500313	0.001	0.000	25.21875	BEFORE
33.999979	0.001	0.000	25.109375	BEFORE
34.500211	0.001	0.000	25.2578125	BEFORE
34.999960	0.001	0.000	25.1796875	BEFORE
35.500168	0.001	0.000	25.21875	BEFORE
36.000021	0.001	0.000	25.1640625	BEFORE
36.505303	0.001	0.000	25.21875	BEFORE
36.999968	0.001	0.000	25.0	BEFORE
37.500194	0.002	0.000	25.203125	BEFORE
38.000037	0.001	0.000	25.015625	BEFORE
38.500263	0.002	0.000	25.109375	BEFORE
39.000031	0.001	0.000	25.296875	BEFORE
39.500468	0.002	0.000	25.0703125	BEFORE
40.000170	0.001	0.000	25.0546875	BEFORE
40.500252	0.001	0.000	25.1640625	BEFORE
41.000046	0.002	0.000	25.1796875	BEFORE
41.500204	0.001	0.000	25.0546875	BEFORE
42.000001	0.001	0.000	25.2421875	BEFORE
42.500197	0.002	0.000	25.015625	BEFORE
43.000034	0.001	0.000	25.0390625	BEFORE
43.505329	0.001	0.000	25.09375	BEFORE
44.000006	0.002	0.000	25.09375	BEFORE
44.500185	0.001	0.000	25.09375	BEFORE
45.000013	0.001	0.000	25.0390625	BEFORE
45.500382	0.001	0.000	25.0390625	BEFORE
45.999963	0.001	0.000	25.0	BEFORE
46.500230	0.001	0.000	25.0546875	BEFORE
47.000243	0.001	0.000	25.125	BEFORE
47.500232	0.001	0.000	25.0390625	BEFORE
48.005156	0.001	0.000	25.109375	BEFORE
48.500258	0.001	0.000	24.984375	BEFORE
49.000044	0.001	0.000	24.9140625	BEFORE
49.500209	0.001	0.000	24.9453125	BEFORE
49.999959	0.001	0.000	24.984375	BEFORE
50.500212	0.001	0.000	24.9453125	BEFORE
51.000035	0.002	0.000	24.984375	BEFORE
51.500170	0.001	0.000	24.9609375	BEFORE
51.999972	0.001	0.000	25.0546875	BEFORE
52.500206	0.001	0.000	24.796875	BEFORE
52.999976	0.001	0.000	25.015625	BEFORE
53.501708	0.002	0.000	25.125	BEFORE
53.999955	0.002	0.000	24.9453125	BEFORE
54.500325	0.001	0.000	24.9609375	BEFORE
55.000295	0.002	0.000	24.9140625	BEFORE
55.500185	0.001	0.000	24.9609375	BEFORE
56.000002	0.001	0.000	24.875	BEFORE
56.500170	0.001	0.000	24.9609375	BEFORE
56.999929	0.001	0.000	24.9296875	BEFORE
57.500173	0.001	0.000	25.0	BEFORE
58.000062	0.001	0.000	24.9296875	BEFORE
58.500190	0.002	0.000	24.890625	BEFORE
58.999985	0.001	0.000	24.890625	BEFORE
59.500190	0.001	0.000	24.875	BEFORE
59.999930	0.001	0.000	24.9609375	BEFORE
61.000260	21.100	28.783	24.9140625	EXPOSING
61.500193	21.104	28.841	27.296875	EXPOSING
62.000020	21.103	28.904	29.65625	EXPOSING
62.500201	21.104	28.954	30.65625	EXPOSING
62.999990	21.103	28.995	32.9453125	EXPOSING
63.500217	21.105	29.023	33.578125	EXPOSING
63.999982	21.104	29.053	35.6171875	EXPOSING
64.500241	21.104	29.072	36.4453125	EXPOSING
65.000050	21.104	29.098	38.109375	EXPOSING
65.500203	21.104	29.117	39.09375	EXPOSING
66.000036	21.104	29.138	40.90625	EXPOSING
66.500222	21.105	29.157	41.796875	EXPOSING
67.000105	21.105	29.169	43.546875	EXPOSING
67.500199	21.104	29.178	44.4140625	EXPOSING
68.000009	21.105	29.192	46.0390625	EXPOSING
68.500287	21.104	29.200	46.90625	EXPOSING
68.999987	21.104	29.211	48.6015625	EXPOSING
69.501875	21.104	29.219	49.234375	EXPOSING
69.999944	21.104	29.226	51.1171875	EXPOSING
71.000304	0.019	0.005	51.5390625	WAIT
71.500211	0.018	0.002	50.2890625	WAIT
72.000028	0.017	0.002	49.1796875	WAIT
72.500267	0.017	0.001	48.7578125	WAIT
73.000016	0.002	0.000	47.6875	WAIT
73.500208	0.002	0.000	47.3125	WAIT
73.999984	0.001	0.000	46.3984375	WAIT
75.000276	21.102	28.934	46.0625	EXPOSING
75.502715	21.103	29.003	47.5625	EXPOSING
75.999982	21.104	29.054	49.25	EXPOSING
76.500216	21.104	29.095	49.90625	EXPOSING
76.999973	21.104	29.128	51.65625	EXPOSING
77.500221	21.105	29.150	52.2890625	EXPOSING
78.002273	21.103	29.174	54.21875	EXPOSING
78.500199	21.104	29.196	54.671875	EXPOSING
79.000080	21.104	29.217	55.9375	EXPOSING
79.500194	21.104	29.230	56.8046875	EXPOSING
79.999990	21.104	29.242	58.3203125	EXPOSING
80.501731	21.105	29.251	58.875	EXPOSING
81.000047	21.103	29.263	60.1484375	EXPOSING
81.500190	21.104	29.274	60.9453125	EXPOSING
82.000037	21.104	29.280	61.9375	EXPOSING
82.500190	21.104	29.286	62.625	EXPOSING
83.003101	21.105	29.296	64.0625	EXPOSING
83.500207	21.104	29.303	64.4453125	EXPOSING
83.999986	21.105	29.306	65.6171875	EXPOSING
85.042391	0.019	0.004	65.90625	WAIT
85.500141	0.017	0.002	63.4765625	WAIT
86.000052	0.018	0.002	62.25	WAIT
86.505333	0.017	0.001	61.5	WAIT
87.000061	0.001	0.000	60.234375	WAIT
87.500234	0.002	0.000	59.5390625	WAIT
87.999995	0.002	0.000	58.3203125	WAIT
89.000279	21.102	29.032	57.78125	EXPOSING
89.500241	21.104	29.097	58.7734375	EXPOSING
90.000108	21.104	29.123	60.25	EXPOSING
90.500191	21.105	29.143	61.03125	EXPOSING
90.999977	21.105	29.177	62.4921875	EXPOSING
91.503582	21.105	29.205	63.125	EXPOSING
92.000047	21.105	29.227	64.34375	EXPOSING
92.500185	21.105	29.246	65.1328125	EXPOSING
93.000030	21.105	29.264	66.3046875	EXPOSING
93.500188	21.105	29.276	66.9453125	EXPOSING
94.005184	21.105	29.290	67.859375	EXPOSING
94.500178	21.105	29.300	68.6796875	EXPOSING
95.000075	21.104	29.308	69.625	EXPOSING
95.500191	21.103	29.313	70.2734375	EXPOSING
96.000093	21.105	29.322	71.1484375	EXPOSING
96.500490	21.104	29.328	71.765625	EXPOSING
96.999939	21.105	29.334	72.8125	EXPOSING
97.500276	21.106	29.335	73.1484375	EXPOSING
98.000209	21.105	29.339	73.9140625	EXPOSING
99.000259	0.019	0.005	74.375	WAIT
99.500193	0.018	0.003	71.890625	WAIT
100.000089	0.017	0.002	70.4453125	WAIT
100.505287	0.017	0.001	69.5078125	WAIT
101.000139	0.000	0.002	68.234375	WAIT
101.500193	0.001	0.000	67.25	WAIT
102.000200	0.002	0.000	66.21875	WAIT
103.000260	21.104	29.046	65.359375	EXPOSING
103.505344	21.104	29.112	66.046875	EXPOSING
104.000004	21.105	29.149	67.359375	EXPOSING
104.500206	21.106	29.192	68.03125	EXPOSING
105.000064	21.106	29.225	69.21875	EXPOSING
105.500241	21.106	29.248	69.8984375	EXPOSING
106.003674	21.106	29.271	70.875	EXPOSING
106.500208	21.106	29.284	71.75	EXPOSING
107.000031	21.106	29.298	72.875	EXPOSING
107.500217	21.106	29.311	73.3671875	EXPOSING
108.000048	21.105	29.327	74.328125	EXPOSING
108.505314	21.105	29.338	74.8984375	EXPOSING
109.000057	21.105	29.356	75.8359375	EXPOSING
109.500193	21.105	29.364	76.265625	EXPOSING
110.000015	21.106	29.354	77.3203125	EXPOSING
110.500416	21.106	29.358	77.671875	EXPOSING
111.000043	21.105	29.360	78.46875	EXPOSING
111.500272	21.106	29.364	78.875	EXPOSING
111.999989	21.105	29.368	79.71875	EXPOSING
113.000251	0.019	0.005	79.984375	WAIT
113.500182	0.017	0.003	77.4140625	WAIT
114.000082	0.017	0.002	75.7421875	WAIT
114.501852	0.017	0.002	74.7734375	WAIT
115.000101	0.000	0.000	73.265625	WAIT
115.500254	0.001	0.000	72.46875	WAIT
116.000093	0.001	0.000	71.03125	WAIT
117.005412	21.103	29.062	70.359375	EXPOSING
117.500208	21.105	29.117	70.7421875	EXPOSING
118.000070	21.105	29.167	72.0546875	EXPOSING
118.500209	21.105	29.207	72.71875	EXPOSING
119.003061	21.106	29.242	73.8125	EXPOSING
119.500283	21.106	29.269	74.59375	EXPOSING
120.000063	21.106	29.293	75.5625	EXPOSING
120.500228	21.106	29.308	76.28125	EXPOSING
121.000011	21.106	29.324	77.28125	EXPOSING
121.500309	21.105	29.338	77.90625	EXPOSING
122.000088	21.104	29.346	78.640625	EXPOSING
122.500219	21.105	29.354	79.3046875	EXPOSING
123.000062	21.107	29.365	80.0703125	EXPOSING
123.500724	21.105	29.372	80.6484375	EXPOSING
124.000119	21.106	29.379	81.2890625	EXPOSING
124.500219	21.106	29.386	81.859375	EXPOSING
125.002525	21.106	29.391	82.546875	EXPOSING
125.500255	21.106	29.395	82.96875	EXPOSING
126.000098	21.105	29.398	83.671875	EXPOSING
127.000256	0.018	0.005	83.875	WAIT
127.500746	0.018	0.003	81.21875	WAIT
128.000174	0.017	0.002	79.8046875	WAIT
128.500237	0.017	0.002	78.4140625	WAIT
129.002480	0.001	0.001	76.9609375	WAIT
129.500216	0.002	0.000	76.2109375	WAIT
130.000061	0.002	0.000	74.7734375	WAIT
131.006495	21.101	29.098	73.96875	EXPOSING
131.500196	21.105	29.167	74.546875	EXPOSING
132.000103	21.105	29.214	75.6171875	EXPOSING
132.500194	21.106	29.243	76.3671875	EXPOSING
133.000187	21.105	29.276	77.40625	EXPOSING
133.500173	21.106	29.297	78.1796875	EXPOSING
134.000094	21.105	29.322	79.1796875	EXPOSING
134.500252	21.105	29.345	79.9296875	EXPOSING
135.001091	21.105	29.374	80.8203125	EXPOSING
135.500219	21.105	29.393	81.4609375	EXPOSING
136.000093	21.106	29.395	82.375	EXPOSING
136.500206	21.106	29.381	82.8828125	EXPOSING
137.002826	21.106	29.389	83.7421875	EXPOSING
137.500203	21.106	29.394	84.2109375	EXPOSING
138.000122	21.105	29.399	84.796875	EXPOSING
138.500222	21.106	29.404	85.3828125	EXPOSING
139.000080	21.105	29.408	86.0234375	EXPOSING
139.500217	21.105	29.414	86.3203125	EXPOSING
140.000125	21.104	29.418	86.9296875	EXPOSING
141.000257	0.019	0.005	87.328125	WAIT
141.500242	0.017	0.003	84.515625	WAIT
142.000112	0.017	0.002	83.1171875	WAIT
142.500226	0.017	0.001	81.9296875	WAIT
143.002176	0.000	0.000	80.6796875	WAIT
143.500178	0.002	0.000	79.46875	WAIT
144.000110	0.001	0.000	78.1796875	WAIT
145.000266	21.103	29.117	77.265625	EXPOSING
145.505302	21.104	29.185	78.0	EXPOSING
146.000129	21.105	29.233	79.09375	EXPOSING
146.500190	21.104	29.263	79.8203125	EXPOSING
147.000114	21.105	29.294	80.734375	EXPOSING
147.500188	21.105	29.320	81.484375	EXPOSING
148.000077	21.104	29.344	82.578125	EXPOSING
148.500392	21.105	29.363	83.1328125	EXPOSING
149.000010	21.106	29.374	84.125	EXPOSING
149.500232	21.106	29.384	84.6953125	EXPOSING
150.000011	21.105	29.397	85.6171875	EXPOSING
150.500196	21.106	29.406	85.96875	EXPOSING
151.005265	21.106	29.417	86.7421875	EXPOSING
151.500135	21.106	29.425	87.359375	EXPOSING
152.000217	21.105	29.431	87.9609375	EXPOSING
152.500189	21.104	29.436	88.578125	EXPOSING
153.000083	21.105	29.439	88.953125	EXPOSING
153.500213	21.106	29.442	89.3515625	EXPOSING
154.000057	21.105	29.445	90.0703125	EXPOSING
155.000258	0.019	0.010	90.234375	WAIT
155.500253	0.018	0.003	87.4609375	WAIT
156.001356	0.017	0.002	85.96875	WAIT
156.500179	0.017	0.001	84.8828125	WAIT
157.000105	0.013	0.000	83.3671875	WAIT
157.499998	0.002	0.000	82.359375	WAIT
158.000157	0.002	0.000	81.15625	WAIT
159.003831	21.102	29.150	80.109375	EXPOSING
159.500182	21.105	29.198	80.6953125	EXPOSING
160.000196	21.105	29.249	81.765625	EXPOSING
160.500201	21.105	29.287	82.578125	EXPOSING
161.000118	21.105	29.310	83.5078125	EXPOSING
161.500259	21.105	29.339	84.328125	EXPOSING
162.000070	21.106	29.361	85.3046875	EXPOSING
162.500229	21.105	29.380	85.9375	EXPOSING
163.000147	21.105	29.396	86.859375	EXPOSING
163.500221	21.105	29.407	87.3984375	EXPOSING
164.000085	21.105	29.418	88.09375	EXPOSING
164.500209	21.106	29.429	88.796875	EXPOSING
165.000122	21.105	29.433	89.4296875	EXPOSING
165.500188	21.105	29.442	89.9296875	EXPOSING
166.000148	21.105	29.447	90.6015625	EXPOSING
166.502561	21.105	29.453	91.0625	EXPOSING
167.000186	21.105	29.459	91.6484375	EXPOSING
167.500190	21.106	29.461	92.09375	EXPOSING
168.000175	21.105	29.466	92.6484375	EXPOSING
169.000264	0.019	0.005	92.9765625	WAIT
169.500781	0.018	0.003	90.265625	WAIT
169.999984	0.017	0.002	88.1328125	WAIT
170.500200	0.017	0.002	87.546875	WAIT
171.005291	0.000	0.001	86.0703125	WAIT
171.500221	0.001	0.000	85.1640625	WAIT
172.000167	0.001	0.000	83.7734375	WAIT
173.000263	21.102	29.176	82.9296875	EXPOSING
173.500200	21.104	29.241	83.5546875	EXPOSING
174.000092	21.105	29.284	84.578125	EXPOSING
174.500182	21.104	29.309	85.3046875	EXPOSING
175.000135	21.105	29.333	86.2734375	EXPOSING
175.500370	21.105	29.361	87.125	EXPOSING
176.000127	21.105	29.383	87.875	EXPOSING
176.500223	21.104	29.402	88.515625	EXPOSING
177.000245	21.106	29.418	89.3359375	EXPOSING
177.500255	21.106	29.428	90.1328125	EXPOSING
178.000083	21.105	29.440	90.8984375	EXPOSING
178.500299	21.105	29.448	91.4140625	EXPOSING
179.000484	21.106	29.456	92.0625	EXPOSING
179.500195	21.106	29.464	92.6796875	EXPOSING
180.000126	21.106	29.471	93.1640625	EXPOSING
180.500182	21.104	29.472	93.609375	EXPOSING
181.000041	21.105	29.479	94.2890625	EXPOSING
181.505337	21.105	29.495	94.65625	EXPOSING
182.000131	21.105	29.478	95.21875	EXPOSING
183.000265	0.018	0.005	95.3515625	WAIT
183.500189	0.018	0.003	92.6171875	WAIT
184.000168	0.017	0.002	91.1015625	WAIT
184.500205	0.017	0.002	89.953125	WAIT
185.000088	0.001	0.000	88.3125	WAIT
185.500225	0.001	0.000	87.4296875	WAIT
186.002395	0.001	0.000	86.2421875	WAIT
187.000264	21.103	29.158	85.1796875	EXPOSING
187.500190	21.105	29.231	85.8515625	EXPOSING
188.000130	21.104	29.279	87.078125	EXPOSING
188.505319	21.104	29.319	87.7265625	EXPOSING
189.000124	21.105	29.351	88.75	EXPOSING
189.500212	21.105	29.378	89.3515625	EXPOSING
190.000135	21.105	29.394	90.296875	EXPOSING
190.500198	21.105	29.412	90.96875	EXPOSING
191.003118	21.106	29.429	91.8515625	EXPOSING
191.500198	21.105	29.440	92.5	EXPOSING
192.009869	21.105	29.449	93.1953125	EXPOSING
192.500176	21.105	29.459	93.7421875	EXPOSING
193.000212	21.105	29.467	94.5078125	EXPOSING
193.500268	21.105	29.472	94.90625	EXPOSING
194.000099	21.105	29.479	95.6171875	EXPOSING
194.500222	21.105	29.483	95.984375	EXPOSING
195.000017	21.106	29.487	96.53125	EXPOSING
195.500466	21.105	29.493	96.9921875	EXPOSING
196.000098	21.106	29.498	97.40625	EXPOSING
197.000262	0.018	0.006	97.765625	WAIT
197.500333	0.018	0.003	94.7890625	WAIT
198.000119	0.017	0.003	93.2421875	WAIT
198.500171	0.017	0.002	92.0	WAIT
199.000189	0.001	0.000	90.8203125	WAIT
199.500186	0.001	0.000	89.734375	WAIT
200.000284	0.001	0.000	88.1796875	WAIT
201.000266	21.103	29.209	87.4296875	EXPOSING
201.500238	21.104	29.260	87.9765625	EXPOSING
202.000079	21.104	29.300	89.0	EXPOSING
202.500331	21.104	29.337	89.8125	EXPOSING
203.000096	21.106	29.354	90.8984375	EXPOSING
203.500210	21.105	29.380	91.5	EXPOSING
204.001385	21.105	29.403	92.4296875	EXPOSING
204.500192	21.105	29.419	93.03125	EXPOSING
205.000075	21.105	29.436	93.9609375	EXPOSING
205.500197	21.105	29.450	94.5546875	EXPOSING
206.000073	21.105	29.460	95.3046875	EXPOSING
206.500234	21.105	29.469	95.765625	EXPOSING
207.000029	21.105	29.477	96.609375	EXPOSING
207.500211	21.105	29.485	96.890625	EXPOSING
208.000852	21.105	29.488	97.734375	EXPOSING
208.500985	21.105	29.495	98.1484375	EXPOSING
209.000103	21.105	29.496	98.640625	EXPOSING
209.500208	21.106	29.500	99.0390625	EXPOSING
210.005545	21.105	29.504	99.546875	EXPOSING
211.000243	0.019	0.006	99.84375	WAIT
211.500201	0.018	0.004	97.078125	WAIT
212.000021	0.017	0.003	95.265625	WAIT
212.505292	0.017	0.001	94.328125	WAIT
213.000120	0.001	0.002	92.9140625	WAIT
213.500230	0.002	0.000	91.828125	WAIT
214.000131	0.001	0.000	90.484375	WAIT
215.002977	21.104	29.122	89.5859375	EXPOSING
215.500187	21.104	29.267	90.1171875	EXPOSING
216.063135	21.105	29.314	91.1796875	EXPOSING
216.500112	21.105	29.351	92.1328125	EXPOSING
217.000112	21.105	29.380	93.015625	EXPOSING
217.504133	21.105	29.407	93.625	EXPOSING
218.000086	21.105	29.428	94.609375	EXPOSING
218.500496	21.105	29.468	95.1875	EXPOSING
219.000105	21.105	29.482	95.984375	EXPOSING
219.500234	21.105	29.495	96.578125	EXPOSING
220.000130	21.105	29.502	97.3359375	EXPOSING
220.500893	21.106	29.511	97.8984375	EXPOSING
221.000105	21.106	29.520	98.4765625	EXPOSING
221.500252	21.105	29.525	99.125	EXPOSING
222.003332	21.105	29.532	99.6640625	EXPOSING
222.500198	21.106	29.536	99.9765625	EXPOSING
223.000101	21.105	29.540	100.5859375	EXPOSING
223.500203	21.106	29.542	100.984375	EXPOSING
224.000426	21.105	29.549	101.4765625	EXPOSING
225.000245	0.018	0.006	101.625	WAIT
225.500212	0.018	0.003	98.7734375	WAIT
226.000150	0.017	0.002	96.9921875	WAIT
226.500228	0.017	0.002	96.1171875	WAIT
227.000085	0.000	0.000	94.5546875	WAIT
227.500221	0.002	0.000	93.65625	WAIT
228.003771	0.002	0.000	92.1953125	WAIT
229.000349	21.103	29.250	91.3828125	EXPOSING
229.500189	21.104	29.314	92.0	EXPOSING
230.000095	21.103	29.349	93.09375	EXPOSING
230.500189	21.104	29.389	93.84375	EXPOSING
231.000135	21.105	29.423	94.8359375	EXPOSING
231.500182	21.106	29.449	95.46875	EXPOSING
232.000088	21.106	29.467	96.5078125	EXPOSING
232.500198	21.106	29.486	97.078125	EXPOSING
233.000108	21.105	29.496	97.9296875	EXPOSING
233.500195	21.106	29.507	98.375	EXPOSING
234.000130	21.106	29.517	99.1875	EXPOSING
234.500193	21.106	29.525	99.6640625	EXPOSING
235.000123	21.104	29.535	100.2734375	EXPOSING
235.500193	21.106	29.543	100.8203125	EXPOSING
236.005282	21.106	29.550	101.4296875	EXPOSING
236.500216	21.106	29.552	101.953125	EXPOSING
237.000127	21.105	29.557	102.46875	EXPOSING
237.500233	21.106	29.560	102.796875	EXPOSING
238.000174	21.106	29.564	103.203125	EXPOSING
239.000279	0.019	0.006	103.46875	WAIT
239.500179	0.018	0.003	100.640625	WAIT
240.000153	0.017	0.003	99.140625	WAIT
240.500189	0.017	0.002	97.8984375	WAIT
241.000120	0.002	0.000	96.4140625	WAIT
241.500172	0.002	0.000	95.2890625	WAIT
242.000121	0.002	0.000	94.2421875	WAIT
243.000260	21.103	29.245	93.109375	EXPOSING
243.500221	21.104	29.318	93.5625	EXPOSING
244.000125	21.104	29.356	94.5546875	EXPOSING
244.500255	21.106	29.397	95.4375	EXPOSING
245.001381	21.106	29.432	96.4453125	EXPOSING
245.500205	21.105	29.459	97.140625	EXPOSING
246.000141	21.105	29.479	97.9140625	EXPOSING
246.500221	21.105	29.493	98.609375	EXPOSING
247.006722	21.105	29.509	99.515625	EXPOSING
247.500224	21.106	29.523	100.015625	EXPOSING
248.000133	21.106	29.533	100.7734375	EXPOSING
248.500191	21.106	29.541	101.28125	EXPOSING
249.000118	21.106	29.550	102.0234375	EXPOSING
249.500201	21.106	29.552	102.4296875	EXPOSING
250.000188	21.105	29.556	103.0078125	EXPOSING
250.500332	21.106	29.562	103.4140625	EXPOSING
251.000111	21.106	29.565	103.890625	EXPOSING
251.500201	21.107	29.569	104.3046875	EXPOSING
252.000346	21.106	29.579	104.7890625	EXPOSING
253.000255	0.019	0.006	105.140625	WAIT
253.500187	0.018	0.003	102.265625	WAIT
254.002515	0.017	0.003	100.703125	WAIT
254.500174	0.017	0.002	99.5703125	WAIT
255.005335	0.010	0.002	98.296875	WAIT
255.500247	0.002	0.000	96.9609375	WAIT
256.001543	0.002	0.000	95.5703125	WAIT
257.000268	21.103	29.261	94.7734375	EXPOSING
257.500278	21.104	29.331	95.265625	EXPOSING
258.000408	21.105	29.382	96.0625	EXPOSING
258.500186	21.105	29.424	96.9609375	EXPOSING
259.000288	21.105	29.450	97.96875	EXPOSING
259.500224	21.106	29.478	98.7421875	EXPOSING
260.000455	21.106	29.493	99.515625	EXPOSING
260.500205	21.106	29.514	100.171875	EXPOSING
261.000155	21.105	29.530	100.9453125	EXPOSING
261.500213	21.105	29.540	101.6796875	EXPOSING
262.004584	21.106	29.552	102.28125	EXPOSING
262.500205	21.106	29.560	102.8125	EXPOSING
263.000128	21.105	29.566	103.3984375	EXPOSING
263.500179	21.105	29.573	104.0234375	EXPOSING
264.000061	21.105	29.580	104.6484375	EXPOSING
264.500178	21.105	29.581	104.9375	EXPOSING
265.006937	21.105	29.589	105.4140625	EXPOSING
265.500181	21.105	29.590	105.875	EXPOSING
266.005367	21.105	29.595	106.34375	EXPOSING
267.002300	0.019	0.006	106.59375	WAIT
267.500185	0.018	0.004	103.7421875	WAIT
268.003214	0.018	0.003	102.0703125	WAIT
268.500245	0.017	0.002	101.03125	WAIT
269.000115	0.008	0.000	99.5703125	WAIT
269.500206	0.002	0.000	98.515625	WAIT
270.005132	0.003	0.000	97.0390625	WAIT
271.000248	21.103	29.273	96.234375	EXPOSING
271.500202	21.105	29.355	96.7109375	EXPOSING
272.001524	21.106	29.388	97.71875	EXPOSING
272.501506	21.105	29.430	98.375	EXPOSING
273.000113	21.106	29.466	99.3984375	EXPOSING
273.500299	21.105	29.495	100.015625	EXPOSING
274.005141	21.105	29.517	100.7890625	EXPOSING
274.500206	21.106	29.534	101.5625	EXPOSING
275.000138	21.105	29.547	102.3671875	EXPOSING
275.500212	21.105	29.561	102.90625	EXPOSING
276.000053	21.107	29.570	103.7578125	EXPOSING
276.500237	21.107	29.581	104.1875	EXPOSING
277.000095	21.106	29.588	104.84375	EXPOSING
277.500177	21.107	29.595	105.234375	EXPOSING
278.000130	21.107	29.600	105.90625	EXPOSING
278.500231	21.107	29.605	106.2890625	EXPOSING
279.000049	21.106	29.609	106.984375	EXPOSING
279.500225	21.107	29.615	107.328125	EXPOSING
280.000065	21.107	29.620	107.7578125	EXPOSING
281.000444	0.019	0.006	107.8359375	WAIT
281.500185	0.018	0.004	104.90625	WAIT
282.000098	0.018	0.003	103.4140625	WAIT
282.500173	0.018	0.002	102.234375	WAIT
283.000124	0.008	0.000	100.6171875	WAIT
283.500197	0.003	0.000	99.6328125	WAIT
284.000237	0.003	0.000	98.3125	WAIT
285.005446	21.105	29.306	97.453125	EXPOSING
285.500135	21.106	29.381	97.984375	EXPOSING
286.000361	21.105	29.428	99.0859375	EXPOSING
286.500188	21.106	29.456	99.765625	EXPOSING
287.000111	21.105	29.480	100.703125	EXPOSING
287.500211	21.106	29.508	101.4453125	EXPOSING
288.000005	21.107	29.529	102.5078125	EXPOSING
288.500277	21.106	29.547	103.0546875	EXPOSING
289.000099	21.106	29.561	103.8125	EXPOSING
289.500266	21.106	29.574	104.3828125	EXPOSING
290.000181	21.106	29.585	104.921875	EXPOSING
290.500261	21.105	29.596	105.578125	EXPOSING
291.000024	21.106	29.604	106.328125	EXPOSING
291.500193	21.106	29.615	106.8046875	EXPOSING
292.000118	21.106	29.620	107.2109375	EXPOSING
292.500208	21.106	29.622	107.625	EXPOSING
293.001605	21.106	29.631	108.2265625	EXPOSING
293.500274	21.105	29.634	108.6328125	EXPOSING
294.000137	21.106	29.634	109.171875	EXPOSING
295.000243	0.020	0.006	109.3046875	WAIT
295.500244	0.018	0.004	106.359375	WAIT
296.000009	0.018	0.003	104.3671875	WAIT
296.500271	0.017	0.003	103.6171875	WAIT
297.003682	0.001	0.000	102.1015625	WAIT
297.500241	0.002	0.000	101.046875	WAIT
298.000114	0.002	0.000	99.765625	WAIT
299.000508	21.103	29.328	98.7734375	EXPOSING
299.500235	21.105	29.397	99.3671875	EXPOSING
300.000125	21.105	29.434	100.2578125	EXPOSING
300.500224	21.105	29.475	101.1796875	EXPOSING
301.001984	21.107	29.507	102.1484375	EXPOSING
301.500197	21.107	29.533	102.953125	EXPOSING
302.000140	21.107	29.555	103.7265625	EXPOSING
302.500203	21.106	29.567	104.2734375	EXPOSING
303.000142	21.106	29.576	105.0546875	EXPOSING
303.500206	21.106	29.592	105.625	EXPOSING
304.000177	21.106	29.604	106.3828125	EXPOSING
304.500192	21.106	29.616	106.96875	EXPOSING
305.000348	21.107	29.623	107.640625	EXPOSING
305.500206	21.107	29.647	108.015625	EXPOSING
306.000131	21.107	29.655	108.4921875	EXPOSING
306.500182	21.107	29.660	108.9609375	EXPOSING
307.000111	21.106	29.663	109.578125	EXPOSING
307.500247	21.106	29.669	109.90625	EXPOSING
308.000040	21.106	29.671	110.3828125	EXPOSING
309.000268	0.020	0.007	110.671875	WAIT
309.500213	0.018	0.005	107.8515625	WAIT
310.002435	0.018	0.003	106.3984375	WAIT
310.500206	0.018	0.003	104.875	WAIT
311.000184	0.001	0.000	103.7109375	WAIT
311.500246	0.003	0.000	102.3984375	WAIT
312.000138	0.003	0.000	100.9296875	WAIT
313.000244	21.104	29.367	100.0625	EXPOSING
313.500268	21.105	29.424	100.5234375	EXPOSING
314.000220	21.105	29.475	101.375	EXPOSING
314.500262	21.106	29.517	102.296875	EXPOSING
315.000122	21.106	29.549	103.3828125	EXPOSING
315.500230	21.106	29.574	103.9921875	EXPOSING
316.000119	21.107	29.590	104.921875	EXPOSING
316.500250	21.106	29.609	105.578125	EXPOSING
317.000147	21.106	29.623	106.4453125	EXPOSING
317.500193	21.106	29.638	106.8203125	EXPOSING
318.000108	21.105	29.649	107.609375	EXPOSING
318.500984	21.105	29.653	108.1171875	EXPOSING
319.000091	21.107	29.662	108.8515625	EXPOSING
319.500207	21.107	29.663	109.21875	EXPOSING
320.000191	21.107	29.669	109.7734375	EXPOSING
320.500175	21.106	29.675	110.25	EXPOSING
321.000105	21.107	29.678	110.75	EXPOSING
321.500169	21.107	29.686	111.15625	EXPOSING
322.003652	21.106	29.686	111.6171875	EXPOSING
323.006991	0.020	0.007	111.9921875	WAIT
323.500167	0.018	0.004	109.125	WAIT
324.005005	0.018	0.004	107.625	WAIT
324.500219	0.018	0.003	106.3125	WAIT
325.000112	0.000	0.000	104.7734375	WAIT
325.500332	0.002	0.000	103.7734375	WAIT
326.000087	0.003	0.000	102.28125	WAIT
327.000607	21.103	29.387	101.375	EXPOSING
327.500202	21.105	29.455	101.90625	EXPOSING
328.003101	21.106	29.503	102.859375	EXPOSING
328.500219	21.106	29.539	103.7265625	EXPOSING
329.000200	21.106	29.563	104.59375	EXPOSING
329.500207	21.107	29.581	105.453125	EXPOSING
330.000115	21.106	29.603	106.2890625	EXPOSING
330.500211	21.106	29.621	106.875	EXPOSING
330.999987	21.106	29.634	107.8203125	EXPOSING
331.500209	21.106	29.648	108.2265625	EXPOSING
332.000129	21.106	29.656	108.8984375	EXPOSING
332.500195	21.105	29.663	109.484375	EXPOSING
333.000113	21.106	29.667	110.0234375	EXPOSING
333.500388	21.107	29.673	110.5859375	EXPOSING
334.000065	21.106	29.679	111.078125	EXPOSING
334.500260	21.106	29.682	111.5	EXPOSING
335.004123	21.105	29.685	111.90625	EXPOSING
335.500236	21.106	29.693	112.3125	EXPOSING
336.000112	21.106	29.698	112.8203125	EXPOSING
337.002376	0.019	0.007	113.125	WAIT
337.500207	0.018	0.004	110.1015625	WAIT
338.000113	0.018	0.003	108.40625	WAIT
338.500256	0.018	0.003	107.296875	WAIT
339.003261	0.000	0.000	105.7265625	WAIT
339.500300	0.002	0.000	104.7109375	WAIT
340.000124	0.002	0.000	103.265625	WAIT
341.500286	0.018	0.003	102.3984375	WAIT
343.000240	0.019	0.004	99.5859375	WAIT
344.500257	0.017	0.003	97.5	WAIT
346.000253	0.018	0.005	95.203125	WAIT
347.500272	0.018	0.003	93.609375	WAIT
349.000126	0.018	0.004	91.6015625	WAIT
350.500297	0.018	0.003	90.28125	WAIT
352.000226	0.019	0.004	88.6171875	WAIT
353.500339	0.018	0.003	87.359375	WAIT
354.999998	0.019	0.005	86.3203125	WAIT
356.500244	0.018	0.003	85.28125	WAIT
358.000210	0.018	0.004	84.4453125	WAIT
359.500369	0.018	0.003	83.65625	WAIT
361.000434	0.018	0.004	82.6796875	WAIT
362.500317	0.018	0.003	81.9296875	WAIT
364.000251	0.019	0.003	81.0703125	WAIT
365.500984	0.018	0.003	80.1953125	WAIT
367.000842	0.018	0.003	79.328125	WAIT
368.500243	0.019	0.003	78.5703125	WAIT
370.000220	0.019	0.004	77.890625	WAIT
371.500291	0.018	0.003	77.265625	WAIT
373.000222	0.019	0.004	76.6875	WAIT
374.500293	0.018	0.003	76.40625	WAIT
376.005313	0.018	0.004	75.7890625	WAIT
377.500228	0.018	0.003	75.3984375	WAIT
379.000175	0.018	0.003	74.6640625	WAIT
380.500326	0.018	0.003	74.2578125	WAIT
382.000161	0.018	0.004	73.609375	WAIT
383.500229	0.019	0.003	73.203125	WAIT
385.000243	0.018	0.003	72.8125	WAIT
386.500299	0.018	0.003	72.2265625	WAIT
388.000235	0.018	0.003	71.640625	WAIT
389.500396	0.018	0.003	71.265625	WAIT
391.000163	0.019	0.004	70.9453125	WAIT
392.500424	0.017	0.003	70.6015625	WAIT
394.000252	0.018	0.003	70.2265625	WAIT
395.500305	0.018	0.003	69.921875	WAIT
397.000258	0.018	0.003	69.3828125	WAIT
398.500273	0.018	0.003	69.0390625	WAIT
400.000145	0.019	0.003	68.734375	WAIT
401.500318	0.018	0.003	68.6484375	WAIT
403.004628	0.018	0.003	68.4609375	WAIT
404.500359	0.018	0.002	68.203125	WAIT
406.000215	0.018	0.003	67.515625	WAIT
407.500315	0.018	0.003	67.3359375	WAIT
409.000137	0.019	0.003	67.2890625	WAIT
410.500265	0.019	0.002	67.015625	WAIT
412.005355	0.018	0.003	66.546875	WAIT
413.500321	0.018	0.002	66.34375	WAIT
415.000214	0.018	0.003	65.9765625	WAIT
416.500120	0.018	0.003	65.6875	WAIT
418.000246	0.017	0.002	65.5	WAIT
419.500260	0.018	0.002	65.171875	WAIT
421.000274	0.019	0.003	64.859375	WAIT
422.500356	0.018	0.002	64.7734375	WAIT
424.001354	0.018	0.002	64.203125	WAIT
425.500298	0.018	0.002	64.0625	WAIT
427.000278	0.017	0.002	63.734375	WAIT
428.500229	0.018	0.002	63.4453125	WAIT
430.000224	0.018	0.002	63.109375	WAIT
431.500335	0.017	0.002	62.9765625	WAIT
433.002757	0.018	0.003	62.453125	WAIT
434.500272	0.018	0.003	62.609375	WAIT
436.000256	0.018	0.003	62.140625	WAIT
437.500315	0.018	0.002	61.96875	WAIT
439.000361	0.018	0.002	61.78125	WAIT
440.500237	0.018	0.002	61.46875	WAIT
442.000238	0.018	0.003	61.1875	WAIT
443.500278	0.018	0.002	60.96875	WAIT
445.000220	0.018	0.002	60.734375	WAIT
446.500258	0.018	0.002	60.6484375	WAIT
448.000213	0.018	0.003	60.3203125	WAIT
449.500317	0.018	0.002	60.1640625	WAIT
451.000217	0.018	0.002	60.0078125	WAIT
452.500327	0.018	0.002	59.8203125	WAIT
454.005344	0.018	0.002	59.5703125	WAIT
455.500376	0.018	0.002	59.3984375	WAIT
457.007129	0.018	0.002	59.2109375	WAIT
458.500248	0.018	0.002	58.875	WAIT
460.000220	0.018	0.002	58.5625	WAIT
461.500270	0.017	0.002	58.4609375	WAIT
463.005344	0.018	0.003	58.234375	WAIT
464.500276	0.018	0.002	58.046875	WAIT
466.000195	0.018	0.002	58.09375	WAIT
467.500309	0.017	0.002	57.8671875	WAIT
469.000221	0.018	0.002	57.5703125	WAIT
470.500320	0.017	0.002	57.5390625	WAIT
472.000650	0.018	0.003	57.453125	WAIT
473.500243	0.017	0.002	57.15625	WAIT
475.000258	0.018	0.002	56.875	WAIT
476.500354	0.018	0.003	56.6484375	WAIT
478.004241	0.018	0.003	56.4765625	WAIT
479.500260	0.018	0.002	56.3828125	WAIT
481.000200	0.017	0.003	56.3671875	WAIT
482.500305	0.018	0.002	56.265625	WAIT
484.004583	0.018	0.003	55.8984375	WAIT
485.500113	0.018	0.002	55.828125	WAIT
487.000273	0.018	0.003	55.5859375	WAIT
488.500325	0.018	0.002	55.6328125	WAIT
490.000281	0.018	0.003	55.3046875	WAIT
491.500299	0.018	0.002	55.25	WAIT
493.000227	0.018	0.003	54.8828125	WAIT
494.500362	0.018	0.002	54.796875	WAIT
496.005333	0.017	0.002	54.7265625	WAIT
497.500225	0.018	0.002	54.4296875	WAIT
499.000493	0.018	0.002	54.375	WAIT
500.500290	0.018	0.002	54.2578125	WAIT
502.000234	0.018	0.003	54.046875	WAIT
503.500274	0.017	0.001	54.1640625	WAIT
505.000284	0.017	0.002	53.953125	WAIT
506.500270	0.018	0.002	53.8125	WAIT
508.004983	0.018	0.003	53.625	WAIT
509.500293	0.018	0.002	53.65625	WAIT
511.004028	0.018	0.002	53.4296875	WAIT
512.500286	0.017	0.002	53.3984375	WAIT
514.000200	0.017	0.002	53.171875	WAIT
515.500314	0.017	0.002	52.890625	WAIT
517.000217	0.018	0.002	52.6796875	WAIT
518.500328	0.018	0.002	52.484375	WAIT
520.001571	0.018	0.002	52.359375	WAIT
521.500253	0.017	0.001	52.625	WAIT
523.000283	0.018	0.002	52.5	WAIT
524.500290	0.017	0.002	52.1015625	WAIT
526.000243	0.018	0.002	52.1171875	WAIT
527.500327	0.018	0.002	51.875	WAIT
529.005034	0.017	0.003	51.5703125	WAIT
530.500286	0.018	0.002	51.625	WAIT
532.000230	0.018	0.002	51.7109375	WAIT
533.500333	0.018	0.002	51.5	WAIT
535.002316	0.018	0.002	51.359375	WAIT
536.500286	0.018	0.002	51.1015625	WAIT
538.000142	0.017	0.003	51.078125	WAIT
539.500367	0.018	0.001	50.890625	WAIT
