#Resonance Frequency: 160500.000 kHz
#Set Current: 6.05 A
Time [s]	Current [A]	Voltage [V]	T0 [degC]	State
0.000020	0.001	0.000	25.0546875	BEFORE
0.500357	0.002	0.000	25.015625	BEFORE
1.003720	0.001	0.000	25.109375	BEFORE
1.500310	0.001	0.000	25.1640625	BEFORE
2.005511	0.001	0.000	25.0	BEFORE
2.500287	0.001	0.000	25.109375	BEFORE
3.005294	0.002	0.000	24.9609375	BEFORE
3.500280	0.001	0.000	25.0390625	BEFORE
4.005553	0.002	0.000	25.015625	BEFORE
4.500243	0.002	0.000	25.0703125	BEFORE
5.007435	0.001	0.000	24.984375	BEFORE
5.500186	0.001	0.000	24.9453125	BEFORE
6.001516	0.002	0.000	25.09375	BEFORE
6.500253	0.002	0.000	25.0390625	BEFORE
7.004512	0.001	0.000	24.9609375	BEFORE
7.500265	0.002	0.000	25.0390625	BEFORE
8.005545	0.001	0.000	25.0703125	BEFORE
8.500294	0.002	0.000	25.09375	BEFORE
9.007204	0.001	0.000	25.1484375	BEFORE
9.500269	0.001	0.000	24.9609375	BEFORE
10.001716	0.001	0.000	25.0390625	BEFORE
10.500127	0.001	0.000	25.0546875	BEFORE
11.004536	0.001	0.000	24.875	BEFORE
11.500302	0.001	0.000	24.9453125	BEFORE
12.005518	0.001	0.000	24.875	BEFORE
12.500287	0.001	0.000	24.9609375	BEFORE
13.002640	0.002	0.000	24.9140625	BEFORE
13.500264	0.001	0.000	24.9453125	BEFORE
14.000645	0.001	0.000	24.875	BEFORE
14.500275	0.002	0.000	24.9609375	BEFORE
15.001848	0.002	0.000	24.9296875	BEFORE
15.500230	0.001	0.000	24.8359375	BEFORE
16.005494	0.001	0.000	24.875	BEFORE
16.500305	0.001	0.000	24.9453125	BEFORE
17.013485	0.001	0.000	24.8203125	BEFORE
17.500314	0.001	0.000	24.9453125	BEFORE
18.005491	0.001	0.000	24.8515625	BEFORE
18.500357	0.001	0.000	24.9609375	BEFORE
19.005552	0.002	0.000	24.7421875	BEFORE
19.500308	0.001	0.000	24.9140625	BEFORE
20.002241	0.001	0.000	24.9140625	BEFORE
20.500284	0.001	0.000	24.8203125	BEFORE
21.000514	0.001	0.000	24.8203125	BEFORE
21.500243	0.001	0.000	24.890625	BEFORE
22.013557	0.001	0.000	24.765625	BEFORE
22.500207	0.001	0.000	24.78125	BEFORE
23.009622	0.001	0.000	24.875	BEFORE
23.500280	0.001	0.000	24.8203125	BEFORE
24.001131	0.002	0.000	24.796875	BEFORE
24.500222	0.002	0.000	24.8515625	BEFORE
25.005531	0.002	0.000	24.671875	BEFORE
25.500297	0.001	0.000	24.765625	BEFORE
26.003445	0.001	0.000	24.78125	BEFORE
26.500358	0.001	0.000	24.7265625	BEFORE
27.005507	0.002	0.000	24.9140625	BEFORE
27.500281	0.001	0.000	24.78125	BEFORE
28.000813	0.001	0.000	24.796875	BEFORE
28.500252	0.002	0.000	24.7421875	BEFORE
29.005489	0.001	0.000	24.78125	BEFORE
29.500251	0.001	0.000	24.7265625	BEFORE
30.023895	0.001	0.000	24.796875	BEFORE
30.500231	0.001	0.000	24.78125	BEFORE
31.004886	0.001	0.000	24.765625	BEFORE
31.503188	0.001	0.000	24.7265625	BEFORE
32.000458	0.001	0.000	24.7109375	BEFORE
32.500238	0.001	0.000	24.671875	BEFORE
33.005508	0.001	0.000	24.7109375	BEFORE
33.500299	0.001	0.000	24.671875	BEFORE
34.000433	0.001	0.000	24.6171875	BEFORE
34.500261	0.002	0.000	24.6015625	BEFORE
35.000499	0.001	0.000	24.6015625	BEFORE
35.500250	0.001	0.000	24.671875	BEFORE
36.002487	0.001	0.000	24.6875	BEFORE
36.500214	0.001	0.000	24.6015625	BEFORE
37.005471	0.001	0.000	24.6015625	BEFORE
37.500273	0.001	0.000	24.5625	BEFORE
38.012700	0.001	0.000	24.796875	BEFORE
38.500273	0.001	0.000	24.65625	BEFORE
39.005485	0.002	0.000	24.7265625	BEFORE
39.500258	0.001	0.000	24.5625	BEFORE
40.001027	0.001	0.000	24.5625	BEFORE
40.500374	0.001	0.000	24.65625	BEFORE
41.006219	0.001	0.000	24.578125	BEFORE
41.500249	0.001	0.000	24.65625	BEFORE
42.003495	0.001	0.000	24.671875	BEFORE
42.500251	0.001	0.000	24.6015625	BEFORE
43.017670	0.001	0.000	24.546875	BEFORE
43.500216	0.001	0.000	24.546875	BEFORE
44.002680	0.001	0.000	24.578125	BEFORE
44.500230	0.001	0.000	24.4921875	BEFORE
45.008059	0.001	0.000	24.4921875	BEFORE
45.500276	0.002	0.000	24.6015625	BEFORE
46.005517	0.001	0.000	24.6328125	BEFORE
46.500293	0.001	0.000	24.4921875	BEFORE
47.008271	0.001	0.000	24.5234375	BEFORE
47.500245	0.001	0.000	24.5234375	BEFORE
48.005509	0.001	0.000	24.453125	BEFORE
48.500280	0.001	0.000	24.3984375	BEFORE
49.001759	0.001	0.000	24.6328125	BEFORE
49.500281	0.001	0.000	24.5078125	BEFORE
50.005508	0.001	0.000	24.4921875	BEFORE
50.500302	0.001	0.000	24.5078125	BEFORE
51.008443	0.001	0.000	24.6015625	BEFORE
51.500263	0.001	0.000	24.46875	BEFORE
52.014948	0.001	0.000	24.46875	BEFORE
52.500246	0.001	0.000	24.46875	BEFORE
53.009449	0.001	0.000	24.4921875	BEFORE
53.500284	0.001	0.000	24.453125	BEFORE
54.002714	0.001	0.000	24.4921875	BEFORE
54.500630	0.001	0.000	24.328125	BEFORE
55.005512	0.001	0.000	24.359375	BEFORE
55.500273	0.001	0.000	24.6015625	BEFORE
56.026259	0.001	0.000	24.359375	BEFORE
56.500353	0.001	0.000	24.3828125	BEFORE
57.005530	0.001	0.000	24.4921875	BEFORE
57.500300	0.001	0.000	24.5234375	BEFORE
58.005614	0.001	0.000	24.34375	BEFORE
58.500267	0.001	0.000	24.4921875	BEFORE
59.004251	0.001	0.000	24.46875	BEFORE
59.500259	0.001	0.000	24.3828125	BEFORE
60.005522	0.001	0.000	24.453125	BEFORE
61.000774	6.043	8.055	24.3046875	EXPOSING
61.500226	6.043	8.061	24.453125	EXPOSING
62.005507	6.044	8.063	24.4375	EXPOSING
62.500247	6.043	8.064	24.6171875	EXPOSING
63.002728	6.043	8.065	24.6875	EXPOSING
63.500306	6.044	8.066	24.8515625	EXPOSING
64.005446	6.044	8.066	24.796875	EXPOSING
64.500270	6.044	8.067	24.9140625	EXPOSING
65.016438	6.044	8.068	24.796875	EXPOSING
65.500357	6.044	8.068	24.890625	EXPOSING
66.005747	6.044	8.068	24.9609375	EXPOSING
66.500265	6.044	8.069	24.984375	EXPOSING
67.025106	6.044	8.069	24.890625	EXPOSING
67.500223	6.044	8.069	24.984375	EXPOSING
68.005483	6.044	8.069	24.9453125	EXPOSING
68.500248	6.043	8.070	25.0546875	EXPOSING
69.018637	6.044	8.069	24.984375	EXPOSING
69.500207	6.044	8.070	25.015625	EXPOSING
70.005498	6.043	8.071	25.09375	EXPOSING
71.004678	0.019	0.005	25.1484375	WAIT
71.500331	0.019	0.003	24.890625	WAIT
72.004584	0.018	0.002	24.875	WAIT
72.500262	0.018	0.001	24.9296875	WAIT
73.018025	0.002	0.000	24.9296875	WAIT
73.500232	0.002	0.000	24.6875	WAIT
74.005477	0.001	0.000	24.78125	WAIT
75.003374	6.043	8.062	24.7265625	EXPOSING
75.500103	6.044	8.064	24.890625	EXPOSING
76.004777	6.043	8.065	24.8515625	EXPOSING
76.500234	6.044	8.067	24.9453125	EXPOSING
77.002811	6.044	8.067	25.0	EXPOSING
77.500216	6.043	8.069	24.890625	EXPOSING
78.003769	6.044	8.068	24.984375	EXPOSING
78.500238	6.044	8.069	25.0546875	EXPOSING
79.002388	6.044	8.069	25.109375	EXPOSING
79.500293	6.043	8.070	25.0703125	EXPOSING
80.003716	6.044	8.069	25.1484375	EXPOSING
80.500253	6.043	8.069	25.1640625	EXPOSING
81.000454	6.044	8.070	25.109375	EXPOSING
81.500241	6.043	8.070	25.3125	EXPOSING
82.016627	6.044	8.070	25.1484375	EXPOSING
82.500218	6.043	8.071	25.2421875	EXPOSING
83.010190	6.044	8.070	25.2734375	EXPOSING
83.500285	6.043	8.071	25.203125	EXPOSING
84.004740	6.043	8.071	25.2734375	EXPOSING
85.005512	0.019	0.005	25.21875	WAIT
85.500295	0.018	0.003	24.890625	WAIT
86.005576	0.018	0.002	25.1796875	WAIT
86.500282	0.018	0.001	25.015625	WAIT
87.000355	0.002	0.000	25.015625	WAIT
87.500313	0.001	0.000	24.890625	WAIT
88.004323	0.001	0.000	24.9296875	WAIT
89.001152	6.043	8.062	24.8515625	EXPOSING
89.500221	6.043	8.065	25.0390625	EXPOSING
90.005459	6.043	8.066	25.015625	EXPOSING
90.500295	6.044	8.067	25.0546875	EXPOSING
91.005497	6.043	8.068	25.015625	EXPOSING
91.500351	6.044	8.069	25.109375	EXPOSING
92.001836	6.043	8.069	25.203125	EXPOSING
92.500229	6.044	8.069	25.21875	EXPOSING
93.005501	6.044	8.069	25.1484375	EXPOSING
93.500268	6.043	8.070	25.34375	EXPOSING
94.001815	6.043	8.071	25.2421875	EXPOSING
94.500278	6.043	8.070	25.1640625	EXPOSING
95.005460	6.044	8.071	25.3671875	EXPOSING
95.500411	6.043	8.071	25.328125	EXPOSING
96.002437	6.043	8.071	25.21875	EXPOSING
96.500288	6.043	8.071	25.2578125	EXPOSING
97.000875	6.043	8.071	25.3671875	EXPOSING
97.500285	6.043	8.071	25.3125	EXPOSING
98.005528	6.044	8.071	25.34375	EXPOSING
99.006765	0.019	0.005	25.3671875	WAIT
99.500279	0.018	0.002	25.2421875	WAIT
100.006679	0.018	0.002	25.0390625	WAIT
100.500274	0.017	0.001	25.0546875	WAIT
101.002628	0.001	0.000	25.015625	WAIT
101.500228	0.001	0.000	24.984375	WAIT
102.005456	0.001	0.000	24.9453125	WAIT
103.001000	6.043	8.063	25.0	EXPOSING
103.500293	6.043	8.065	25.0390625	EXPOSING
104.001831	6.043	8.067	25.1484375	EXPOSING
104.500261	6.044	8.068	25.09375	EXPOSING
105.005523	6.043	8.068	25.1484375	EXPOSING
105.500273	6.043	8.069	25.1640625	EXPOSING
106.000502	6.043	8.069	25.328125	EXPOSING
106.500232	6.043	8.070	25.1640625	EXPOSING
107.005496	6.044	8.071	25.2734375	EXPOSING
107.500378	6.044	8.070	25.2734375	EXPOSING
108.001666	6.043	8.071	25.21875	EXPOSING
108.500205	6.044	8.072	25.2578125	EXPOSING
109.005521	6.043	8.072	25.3671875	EXPOSING
109.500361	6.043	8.071	25.328125	EXPOSING
110.005527	6.043	8.072	25.2578125	EXPOSING
110.500297	6.043	8.072	25.2578125	EXPOSING
111.007475	6.043	8.072	25.453125	EXPOSING
111.500272	6.044	8.072	25.3125	EXPOSING
112.005528	6.044	8.072	25.3125	EXPOSING
113.003473	0.019	0.005	25.4765625	WAIT
113.500264	0.018	0.002	25.2421875	WAIT
114.007397	0.018	0.001	25.0703125	WAIT
114.500226	0.017	0.001	25.0390625	WAIT
115.003089	0.002	0.000	25.09375	WAIT
115.500258	0.002	0.000	25.0546875	WAIT
116.007036	0.001	0.000	24.9609375	WAIT
117.001033	6.042	8.064	24.9609375	EXPOSING
117.500287	6.043	8.066	25.0	EXPOSING
118.004763	6.043	8.067	25.0390625	EXPOSING
118.500276	6.043	8.068	25.1484375	EXPOSING
119.005518	6.043	8.068	25.203125	EXPOSING
119.500236	6.043	8.070	25.21875	EXPOSING
120.001562	6.043	8.070	25.2421875	EXPOSING
120.500262	6.044	8.070	25.2578125	EXPOSING
121.004374	6.044	8.071	25.203125	EXPOSING
121.500179	6.043	8.071	25.2734375	EXPOSING
122.001724	6.043	8.071	25.3671875	EXPOSING
122.500235	6.044	8.072	25.2578125	EXPOSING
123.010710	6.044	8.072	25.3671875	EXPOSING
123.500241	6.044	8.072	25.328125	EXPOSING
124.002406	6.043	8.071	25.34375	EXPOSING
124.500293	6.043	8.072	25.34375	EXPOSING
125.002592	6.043	8.072	25.4375	EXPOSING
125.500251	6.043	8.072	25.3984375	EXPOSING
126.003615	6.044	8.072	25.3984375	EXPOSING
127.004667	0.020	0.005	25.53125	WAIT
127.500220	0.018	0.002	25.1484375	WAIT
128.002941	0.017	0.002	25.1796875	WAIT
128.500214	0.017	0.001	24.984375	WAIT
129.002340	0.001	0.000	25.0546875	WAIT
129.500251	0.001	0.000	25.0	WAIT
130.002376	0.001	0.000	25.0390625	WAIT
131.005467	6.043	8.063	25.0546875	EXPOSING
131.500272	6.042	8.066	25.09375	EXPOSING
132.001456	6.043	8.067	25.09375	EXPOSING
132.500237	6.043	8.069	25.09375	EXPOSING
133.005492	6.044	8.069	25.125	EXPOSING
133.500340	6.043	8.070	25.1640625	EXPOSING
134.005473	6.043	8.070	25.21875	EXPOSING
134.500277	6.043	8.070	25.2421875	EXPOSING
135.004963	6.043	8.071	25.3984375	EXPOSING
135.500121	6.042	8.071	25.296875	EXPOSING
136.004144	6.043	8.071	25.2578125	EXPOSING
136.500294	6.043	8.072	25.34375	EXPOSING
137.005483	6.044	8.072	25.296875	EXPOSING
137.500305	6.044	8.071	25.3984375	EXPOSING
138.005515	6.042	8.072	25.2578125	EXPOSING
138.500368	6.043	8.072	25.4375	EXPOSING
139.000418	6.043	8.072	25.34375	EXPOSING
139.500271	6.043	8.072	25.3671875	EXPOSING
140.004118	6.043	8.072	25.4375	EXPOSING
141.000852	0.020	0.004	25.5078125	WAIT
141.500229	0.018	0.002	25.2578125	WAIT
142.001390	0.017	0.001	25.109375	WAIT
142.500239	0.017	0.001	25.0390625	WAIT
143.005486	0.000	0.000	25.0703125	WAIT
143.500299	0.001	0.000	25.09375	WAIT
144.001269	0.000	0.000	24.9609375	WAIT
145.005523	6.043	8.064	24.984375	EXPOSING
145.500341	6.043	8.067	25.0546875	EXPOSING
146.005519	6.044	8.068	25.09375	EXPOSING
146.500308	6.043	8.069	25.1640625	EXPOSING
147.001541	6.043	8.069	25.203125	EXPOSING
147.500279	6.043	8.070	25.203125	EXPOSING
148.001122	6.043	8.071	25.2734375	EXPOSING
148.500230	6.044	8.071	25.296875	EXPOSING
149.000912	6.043	8.072	25.21875	EXPOSING
149.500217	6.044	8.071	25.2578125	EXPOSING
150.005499	6.043	8.072	25.2578125	EXPOSING
150.500270	6.043	8.072	25.2734375	EXPOSING
151.006604	6.044	8.072	25.2734375	EXPOSING
151.500390	6.044	8.072	25.3125	EXPOSING
152.002672	6.042	8.072	25.296875	EXPOSING
152.500269	6.043	8.073	25.3984375	EXPOSING
153.007007	6.044	8.073	25.3828125	EXPOSING
153.500293	6.043	8.073	25.421875	EXPOSING
154.005509	6.044	8.073	25.421875	EXPOSING
155.000247	0.019	0.006	25.3828125	WAIT
155.500243	0.018	0.003	25.1640625	WAIT
156.000562	0.017	0.002	25.2734375	WAIT
156.500259	0.017	0.001	25.109375	WAIT
157.007937	0.001	0.000	25.0	WAIT
157.500261	0.001	0.000	24.9296875	WAIT
158.002399	0.001	0.000	25.015625	WAIT
159.005429	6.042	8.063	25.0	EXPOSING
159.500318	6.043	8.067	25.09375	EXPOSING
160.000688	6.044	8.068	25.0703125	EXPOSING
160.500224	6.043	8.069	25.203125	EXPOSING
161.005505	6.043	8.069	25.1796875	EXPOSING
161.500264	6.043	8.070	25.21875	EXPOSING
162.002149	6.043	8.070	25.21875	EXPOSING
162.500280	6.043	8.071	25.2578125	EXPOSING
163.005487	6.043	8.071	25.21875	EXPOSING
163.500345	6.043	8.072	25.3125	EXPOSING
164.006015	6.043	8.072	25.3671875	EXPOSING
164.500238	6.043	8.072	25.1640625	EXPOSING
165.005524	6.043	8.072	25.328125	EXPOSING
165.500272	6.044	8.073	25.3671875	EXPOSING
166.000579	6.043	8.073	25.3984375	EXPOSING
166.500266	6.043	8.073	25.3828125	EXPOSING
167.005529	6.043	8.072	25.3671875	EXPOSING
167.500269	6.044	8.073	25.3125	EXPOSING
168.005297	6.043	8.073	25.3828125	EXPOSING
169.002198	0.019	0.005	25.34375	WAIT
169.500240	0.018	0.003	25.296875	WAIT
170.005352	0.018	0.002	25.0546875	WAIT
170.500256	0.017	0.001	25.21875	WAIT
171.001345	0.001	0.000	25.109375	WAIT
171.500269	0.001	0.000	25.0	WAIT
172.000890	0.001	0.000	25.015625	WAIT
173.001137	6.042	8.063	24.9296875	EXPOSING
173.500221	6.043	8.067	25.0703125	EXPOSING
174.005482	6.043	8.068	25.0703125	EXPOSING
174.500286	6.043	8.070	25.0546875	EXPOSING
175.001513	6.043	8.070	25.2578125	EXPOSING
175.500248	6.044	8.071	25.2421875	EXPOSING
176.005527	6.044	8.070	25.203125	EXPOSING
176.500278	6.043	8.071	25.2734375	EXPOSING
177.000363	6.044	8.072	25.2421875	EXPOSING
177.500299	6.043	8.072	25.2734375	EXPOSING
178.005487	6.043	8.073	25.296875	EXPOSING
178.500278	6.043	8.073	25.21875	EXPOSING
179.005471	6.043	8.072	25.3125	EXPOSING
179.500246	6.044	8.073	25.328125	EXPOSING
180.002973	6.044	8.073	25.3671875	EXPOSING
180.500216	6.043	8.073	25.421875	EXPOSING
181.008560	6.043	8.073	25.3828125	EXPOSING
181.500253	6.043	8.073	25.296875	EXPOSING
182.002234	6.043	8.073	25.3125	EXPOSING
183.005504	0.018	0.004	25.328125	WAIT
183.500309	0.018	0.002	25.1640625	WAIT
184.003536	0.018	0.001	25.0546875	WAIT
184.500294	0.018	0.001	25.1640625	WAIT
185.000511	0.001	0.000	25.109375	WAIT
185.500285	0.001	0.000	25.0	WAIT
186.005519	0.001	0.000	25.09375	WAIT
187.005136	6.043	8.064	24.9453125	EXPOSING
187.500281	6.043	8.067	24.984375	EXPOSING
188.005488	6.043	8.068	25.0546875	EXPOSING
188.500279	6.043	8.069	24.9453125	EXPOSING
189.005532	6.043	8.070	25.21875	EXPOSING
189.500244	6.043	8.070	25.328125	EXPOSING
190.004870	6.044	8.071	25.34375	EXPOSING
190.500213	6.043	8.071	25.2578125	EXPOSING
191.001511	6.044	8.072	25.21875	EXPOSING
191.500185	6.043	8.072	25.21875	EXPOSING
192.000622	6.042	8.071	25.2421875	EXPOSING
192.500234	6.043	8.072	25.21875	EXPOSING
193.004813	6.043	8.072	25.2578125	EXPOSING
193.500330	6.043	8.072	25.3125	EXPOSING
194.003700	6.043	8.072	25.3984375	EXPOSING
194.500239	6.044	8.072	25.34375	EXPOSING
195.000734	6.044	8.073	25.421875	EXPOSING
195.500239	6.043	8.073	25.296875	EXPOSING
196.005676	6.043	8.073	25.3984375	EXPOSING
197.206985	0.019	0.003	25.3671875	WAIT
197.501665	-1	-1	-274	ERROR
198.005590	0.017	0.001	25.09375	WAIT
198.500313	0.017	0.001	25.09375	WAIT
199.005510	0.001	0.000	25.015625	WAIT
199.500265	0.001	0.000	24.875	WAIT
200.002876	0.001	0.000	24.984375	WAIT
201.001165	6.041	8.064	24.9296875	EXPOSING
201.500293	6.043	8.066	25.015625	EXPOSING
202.000526	6.043	8.068	25.0546875	EXPOSING
202.500316	6.043	8.069	25.21875	EXPOSING
203.000470	6.043	8.070	25.09375	EXPOSING
203.500265	6.043	8.070	25.1796875	EXPOSING
204.001429	6.043	8.070	25.203125	EXPOSING
204.500394	6.043	8.070	25.203125	EXPOSING
205.002850	6.043	8.071	25.2734375	EXPOSING
205.500374	6.044	8.072	25.203125	EXPOSING
206.005753	6.044	8.072	25.296875	EXPOSING
206.500309	6.043	8.072	25.3125	EXPOSING
207.003066	6.042	8.072	25.21875	EXPOSING
207.500270	6.043	8.072	25.3671875	EXPOSING
208.008637	6.043	8.072	25.3125	EXPOSING
208.500265	6.043	8.073	25.34375	EXPOSING
209.007550	6.043	8.073	25.421875	EXPOSING
209.500244	6.044	8.073	25.421875	EXPOSING
210.005499	6.043	8.073	25.3984375	EXPOSING
211.004480	0.020	0.005	25.328125	WAIT
211.500304	0.018	0.002	25.21875	WAIT
212.002353	0.017	0.001	25.21875	WAIT
212.500272	0.017	0.001	25.109375	WAIT
213.005489	0.001	0.000	25.125	WAIT
213.500275	0.001	0.000	24.9609375	WAIT
214.002637	0.001	0.000	24.9140625	WAIT
215.006913	6.042	8.063	24.9453125	EXPOSING
215.500261	6.042	8.067	24.9609375	EXPOSING
216.006168	6.044	8.068	25.0703125	EXPOSING
216.500232	6.043	8.069	25.1640625	EXPOSING
217.005509	6.043	8.070	25.1484375	EXPOSING
217.500288	6.043	8.070	25.0546875	EXPOSING
218.002275	6.043	8.071	25.2734375	EXPOSING
218.500213	6.043	8.071	25.2421875	EXPOSING
219.002542	6.043	8.072	25.2734375	EXPOSING
219.500217	6.043	8.072	25.203125	EXPOSING
220.001263	6.044	8.073	25.1640625	EXPOSING
220.500235	6.044	8.073	25.296875	EXPOSING
221.005459	6.043	8.072	25.203125	EXPOSING
221.500291	6.043	8.073	25.3984375	EXPOSING
222.000501	6.043	8.073	25.421875	EXPOSING
222.500312	6.042	8.073	25.3671875	EXPOSING
223.001299	6.043	8.073	25.3671875	EXPOSING
223.500187	6.043	8.073	25.3125	EXPOSING
224.008273	6.043	8.072	25.4375	EXPOSING
225.005453	0.019	0.006	25.453125	WAIT
225.500175	0.018	0.003	25.2421875	WAIT
226.005520	0.017	0.002	25.09375	WAIT
226.500290	0.017	0.001	25.0546875	WAIT
227.002011	0.001	0.000	25.0703125	WAIT
227.500311	0.001	0.000	25.015625	WAIT
228.005504	0.001	0.000	24.9296875	WAIT
229.000657	6.042	8.063	24.8203125	EXPOSING
229.500264	6.043	8.067	25.0	EXPOSING
230.003082	6.043	8.068	25.09375	EXPOSING
230.500201	6.043	8.069	25.296875	EXPOSING
231.003157	6.043	8.070	25.109375	EXPOSING
231.500296	6.042	8.071	25.125	EXPOSING
232.001947	6.043	8.071	25.21875	EXPOSING
232.500199	6.043	8.071	25.2734375	EXPOSING
233.005476	6.043	8.072	25.328125	EXPOSING
233.500279	6.043	8.072	25.453125	EXPOSING
234.006553	6.044	8.072	25.203125	EXPOSING
234.500269	6.043	8.072	25.21875	EXPOSING
235.007237	6.043	8.072	25.328125	EXPOSING
235.500352	6.043	8.073	25.2734375	EXPOSING
236.004271	6.043	8.072	25.2421875	EXPOSING
236.500248	6.044	8.073	25.3984375	EXPOSING
237.001603	6.044	8.073	25.2421875	EXPOSING
237.500227	6.043	8.073	25.4375	EXPOSING
238.004818	6.043	8.073	25.34375	EXPOSING
239.005479	0.019	0.004	25.3671875	WAIT
239.500354	0.018	0.002	25.2421875	WAIT
240.005507	0.017	0.001	25.125	WAIT
240.500282	0.017	0.001	25.125	WAIT
241.004627	0.001	0.000	25.0	WAIT
241.500256	0.000	0.000	24.890625	WAIT
242.004807	0.001	0.000	24.9140625	WAIT
243.001921	6.042	8.065	25.0	EXPOSING
243.500211	6.043	8.066	25.0390625	EXPOSING
244.000360	6.043	8.069	25.09375	EXPOSING
244.500263	6.043	8.070	25.203125	EXPOSING
245.005196	6.044	8.071	25.1640625	EXPOSING
245.500226	6.043	8.071	25.2421875	EXPOSING
246.005459	6.044	8.071	25.1484375	EXPOSING
246.500259	6.043	8.073	25.2734375	EXPOSING
247.010649	6.044	8.073	25.3125	EXPOSING
247.500221	6.044	8.073	25.2578125	EXPOSING
248.010571	6.044	8.072	25.203125	EXPOSING
248.500270	6.044	8.073	25.2734375	EXPOSING
249.003875	6.044	8.074	25.1796875	EXPOSING
249.500272	6.044	8.073	25.328125	EXPOSING
250.003252	6.044	8.074	25.1640625	EXPOSING
250.500252	6.044	8.074	25.3125	EXPOSING
251.006592	6.044	8.073	25.3125	EXPOSING
251.500235	6.044	8.074	25.3828125	EXPOSING
252.005316	6.043	8.074	25.421875	EXPOSING
253.000714	0.020	0.006	25.296875	WAIT
253.500217	0.018	0.003	25.0546875	WAIT
254.010559	0.017	0.002	25.1640625	WAIT
254.500262	0.017	0.002	25.015625	WAIT
255.019946	0.001	0.000	25.09375	WAIT
255.500228	0.001	0.000	24.984375	WAIT
256.008197	0.002	0.000	24.984375	WAIT
257.004199	6.043	8.064	25.015625	EXPOSING
257.500245	6.043	8.068	25.0546875	EXPOSING
258.001985	6.044	8.068	25.0390625	EXPOSING
258.500109	6.043	8.070	25.125	EXPOSING
259.001772	6.044	8.071	25.2421875	EXPOSING
259.500238	6.043	8.072	25.2734375	EXPOSING
260.000946	6.043	8.071	25.3125	EXPOSING
260.500228	6.043	8.072	25.203125	EXPOSING
261.006999	6.043	8.072	25.21875	EXPOSING
261.500254	6.044	8.073	25.203125	EXPOSING
262.008446	6.044	8.073	25.421875	EXPOSING
262.500263	6.044	8.073	25.328125	EXPOSING
263.011017	6.043	8.073	25.2734375	EXPOSING
263.500248	6.043	8.073	25.2734375	EXPOSING
264.001893	6.043	8.074	25.2734375	EXPOSING
264.500229	6.044	8.074	25.2734375	EXPOSING
265.005476	6.043	8.074	25.453125	EXPOSING
265.500269	6.043	8.074	25.3828125	EXPOSING
266.008167	6.044	8.074	25.3125	EXPOSING
267.001791	0.020	0.005	25.296875	WAIT
267.500243	0.018	0.003	25.1640625	WAIT
268.005533	0.017	0.001	25.109375	WAIT
268.500218	0.018	0.001	25.015625	WAIT
269.007500	0.001	0.000	24.984375	WAIT
269.500249	0.002	0.000	24.984375	WAIT
270.004783	0.002	0.000	25.015625	WAIT
271.006364	6.043	8.064	24.8515625	EXPOSING
271.500259	6.043	8.067	25.0703125	EXPOSING
272.008474	6.043	8.069	25.0703125	EXPOSING
272.500267	6.043	8.070	25.1640625	EXPOSING
273.000603	6.044	8.070	25.1640625	EXPOSING
273.500240	6.042	8.071	25.203125	EXPOSING
274.001561	6.043	8.071	25.2578125	EXPOSING
274.500277	6.044	8.073	25.1796875	EXPOSING
275.005478	6.044	8.073	25.296875	EXPOSING
275.500258	6.044	8.073	25.3125	EXPOSING
276.001673	6.043	8.072	25.1484375	EXPOSING
276.500251	6.044	8.073	25.2421875	EXPOSING
277.010855	6.043	8.073	25.3671875	EXPOSING
277.500212	6.044	8.073	25.296875	EXPOSING
278.008938	6.044	8.073	25.2734375	EXPOSING
278.500259	6.044	8.074	25.3828125	EXPOSING
279.007734	6.043	8.074	25.2421875	EXPOSING
279.500262	6.043	8.073	25.3828125	EXPOSING
280.004377	6.044	8.074	25.34375	EXPOSING
281.001879	0.020	0.005	25.296875	WAIT
281.500202	0.018	0.002	25.125	WAIT
282.005501	0.018	0.002	24.984375	WAIT
282.500273	0.018	0.002	25.0	WAIT
283.015745	0.002	0.000	24.984375	WAIT
283.500191	0.001	0.000	24.984375	WAIT
284.005465	0.001	0.000	25.0390625	WAIT
285.000329	6.043	8.064	25.0390625	EXPOSING
285.500333	6.043	8.067	24.9453125	EXPOSING
286.005498	6.043	8.069	25.109375	EXPOSING
286.500295	6.043	8.070	24.9609375	EXPOSING
287.000626	6.043	8.071	25.109375	EXPOSING
287.500217	6.044	8.071	25.203125	EXPOSING
288.010758	6.044	8.071	25.109375	EXPOSING
288.500253	6.043	8.072	25.2421875	EXPOSING
289.002415	6.044	8.073	25.3125	EXPOSING
289.500231	6.043	8.073	25.1796875	EXPOSING
290.000540	6.043	8.073	25.1796875	EXPOSING
290.500209	6.043	8.073	25.328125	EXPOSING
291.005785	6.043	8.074	25.3671875	EXPOSING
291.500259	6.044	8.074	25.21875	EXPOSING
292.005280	6.044	8.074	25.203125	EXPOSING
292.500227	6.044	8.074	25.328125	EXPOSING
293.005474	6.043	8.073	25.3671875	EXPOSING
293.500250	6.044	8.074	25.1640625	EXPOSING
294.006957	6.043	8.074	25.34375	EXPOSING
295.000280	0.020	0.007	25.296875	WAIT
295.500249	0.019	0.003	25.125	WAIT
296.013596	0.018	0.002	25.109375	WAIT
296.500168	0.018	0.001	25.015625	WAIT
297.005479	0.001	0.000	25.109375	WAIT
297.500294	0.002	0.000	25.0546875	WAIT
298.003868	0.002	0.000	25.0	WAIT
299.000747	6.043	8.066	24.9296875	EXPOSING
299.500259	6.043	8.069	25.1484375	EXPOSING
300.000367	6.044	8.070	25.0703125	EXPOSING
300.500190	6.044	8.071	25.09375	EXPOSING
301.006196	6.044	8.072	25.203125	EXPOSING
301.501203	6.044	8.072	25.2421875	EXPOSING
302.005503	6.044	8.073	25.1640625	EXPOSING
302.500227	6.044	8.073	25.125	EXPOSING
303.006260	6.044	8.073	25.21875	EXPOSING
303.500327	6.044	8.073	25.21875	EXPOSING
304.005578	6.044	8.074	25.34375	EXPOSING
304.500289	6.044	8.073	25.21875	EXPOSING
305.001642	6.044	8.074	25.2578125	EXPOSING
305.500237	6.044	8.074	25.203125	EXPOSING
306.003168	6.044	8.074	25.2734375	EXPOSING
306.500253	6.044	8.074	25.2578125	EXPOSING
307.002717	6.044	8.074	25.328125	EXPOSING
307.500204	6.045	8.074	25.3828125	EXPOSING
308.002954	6.044	8.075	25.421875	EXPOSING
309.015570	0.019	0.005	25.296875	WAIT
309.500508	0.019	0.003	25.125	WAIT
310.005518	0.018	0.001	25.21875	WAIT
310.500251	0.017	0.002	25.0390625	WAIT
311.006389	0.002	0.000	25.0703125	WAIT
311.500255	0.001	0.000	25.015625	WAIT
312.005491	0.002	0.000	24.875	WAIT
313.004231	6.043	8.067	24.9296875	EXPOSING
313.500245	6.044	8.069	25.0703125	EXPOSING
314.014307	6.044	8.070	25.09375	EXPOSING
314.500197	6.044	8.071	25.1484375	EXPOSING
315.001357	6.043	8.072	25.1640625	EXPOSING
315.500215	6.044	8.071	25.1484375	EXPOSING
316.009548	6.044	8.072	25.1796875	EXPOSING
316.500224	6.044	8.073	25.2421875	EXPOSING
317.009114	6.044	8.073	25.3984375	EXPOSING
317.500264	6.044	8.073	25.296875	EXPOSING
318.000394	6.044	8.074	25.21875	EXPOSING
318.500259	6.044	8.073	25.2734375	EXPOSING
319.002520	6.044	8.074	25.3984375	EXPOSING
319.500280	6.044	8.074	25.2734375	EXPOSING
320.003474	6.044	8.074	25.1796875	EXPOSING
320.500048	6.044	8.074	25.2421875	EXPOSING
321.000350	6.044	8.073	25.3125	EXPOSING
321.500633	6.044	8.075	25.328125	EXPOSING
322.000622	6.044	8.075	25.2734375	EXPOSING
323.010609	0.020	0.005	25.2421875	WAIT
323.500263	0.018	0.002	25.125	WAIT
324.000590	0.018	0.002	25.2578125	WAIT
324.500225	0.018	0.002	25.09375	WAIT
325.001311	0.002	0.000	24.9453125	WAIT
325.500260	0.002	0.000	24.9453125	WAIT
326.007490	0.001	0.000	24.8359375	WAIT
327.000389	6.043	8.061	24.7421875	EXPOSING
327.500258	6.043	8.068	25.0	EXPOSING
328.003835	6.044	8.070	24.984375	EXPOSING
328.500250	6.044	8.070	25.09375	EXPOSING
329.005501	6.044	8.071	25.1640625	EXPOSING
329.500265	6.043	8.071	25.1640625	EXPOSING
330.004070	6.044	8.071	25.2421875	EXPOSING
330.500227	6.044	8.072	25.0703125	EXPOSING
331.009963	6.044	8.073	25.2734375	EXPOSING
331.500294	6.044	8.073	25.2734375	EXPOSING
332.001298	6.043	8.073	25.09375	EXPOSING
332.500231	6.044	8.074	25.2734375	EXPOSING
333.014261	6.044	8.075	25.203125	EXPOSING
333.500225	6.044	8.074	25.2578125	EXPOSING
334.009420	6.043	8.074	25.2578125	EXPOSING
334.500285	6.044	8.075	25.2734375	EXPOSING
335.001393	6.044	8.074	25.2421875	EXPOSING
335.500215	6.044	8.074	25.296875	EXPOSING
336.008562	6.043	8.074	25.421875	EXPOSING
337.003944	0.019	0.007	25.3125	WAIT
337.500193	0.019	0.003	25.109375	WAIT
338.000384	0.018	0.002	25.125	WAIT
338.500252	0.018	0.002	24.984375	WAIT
339.005499	0.002	0.000	25.0390625	WAIT
339.500259	0.001	0.000	24.9296875	WAIT
340.003908	0.001	0.000	24.9140625	WAIT
341.500327	0.018	0.002	24.9140625	WAIT
343.004606	0.018	0.002	24.765625	WAIT
344.500375	0.017	0	24.7265625	WAIT
