#Resonance Frequency: 160500.000 kHz
#Set Current: 9.08 A
Time [s]	Current [A]	Voltage [V]	T0 [degC]	State
0.000030	0.001	0.000	27.0234375	BEFORE
0.500546	0.002	0.000	27.0625	BEFORE
1.000033	0.001	0.000	27.0625	BEFORE
1.507212	0.002	0.000	26.984375	BEFORE
1.999849	0.002	0.000	27.0625	BEFORE
2.505130	0.002	0.000	27.0078125	BEFORE
2.999940	0.002	0.000	27.078125	BEFORE
3.504589	0.001	0.000	27.0390625	BEFORE
4.000010	0.001	0.000	27.0625	BEFORE
4.505173	0.002	0.000	26.953125	BEFORE
4.999994	0.001	0.000	27.078125	BEFORE
5.501439	0.001	0.000	27.0078125	BEFORE
5.999918	0.001	0.000	26.953125	BEFORE
6.505184	0.002	0.000	26.984375	BEFORE
6.999917	0.001	0.000	26.984375	BEFORE
7.500711	0.001	0.000	26.8984375	BEFORE
7.999929	0.002	0.000	26.8984375	BEFORE
8.503156	0.001	0.000	26.9140625	BEFORE
8.999810	0.001	0.000	26.9140625	BEFORE
9.508429	0.001	0.000	26.9296875	BEFORE
9.999888	0.001	0.000	26.8984375	BEFORE
10.511533	0.001	0.000	26.859375	BEFORE
10.999900	0.001	0.000	26.8984375	BEFORE
11.504603	0.001	0.000	26.953125	BEFORE
11.999894	0.002	0.000	26.7890625	BEFORE
12.505094	0.002	0.000	26.7734375	BEFORE
12.999873	0.001	0.000	26.7734375	BEFORE
13.502872	0.001	0.000	26.875	BEFORE
13.999904	0.002	0.000	26.7890625	BEFORE
14.506508	0.002	0.000	26.8203125	BEFORE
14.999868	0.001	0.000	26.875	BEFORE
15.505158	0.002	0.000	26.8203125	BEFORE
15.999848	0.001	0.000	26.8203125	BEFORE
16.507594	0.002	0.000	26.7890625	BEFORE
16.999871	0.001	0.000	26.65625	BEFORE
17.505167	0.001	0.000	26.7890625	BEFORE
18.000001	0.001	0.000	26.6953125	BEFORE
18.505126	0.001	0.000	26.6015625	BEFORE
18.999909	0.001	0.000	26.734375	BEFORE
19.532403	0.002	0.000	26.7109375	BEFORE
19.999871	0.001	0.000	26.7109375	BEFORE
20.512261	0.001	0.000	26.65625	BEFORE
20.999897	0.002	0.000	26.6796875	BEFORE
21.524556	0.002	0.000	26.6015625	BEFORE
21.999881	0.001	0.000	26.734375	BEFORE
22.500048	0.001	0.000	26.625	BEFORE
22.999852	0.001	0.000	26.6015625	BEFORE
23.502566	0.002	0.000	26.546875	BEFORE
23.999868	0.001	0.000	26.5859375	BEFORE
24.501180	0.001	0.000	26.5859375	BEFORE
24.999916	0.001	0.000	26.546875	BEFORE
25.501494	0.001	0.000	26.4921875	BEFORE
25.999894	0.001	0.000	26.640625	BEFORE
26.512915	0.001	0.000	26.4609375	BEFORE
26.999901	0.002	0.000	26.4921875	BEFORE
27.520930	0.001	0.000	26.4765625	BEFORE
27.999861	0.002	0.000	26.5703125	BEFORE
28.504545	0.002	0.000	26.53125	BEFORE
28.999925	0.001	0.000	26.4765625	BEFORE
29.521020	0.001	0.000	26.4609375	BEFORE
29.999873	0.001	0.000	26.421875	BEFORE
30.510550	0.001	0.000	26.515625	BEFORE
30.999888	0.001	0.000	26.421875	BEFORE
31.505724	0.002	0.000	26.53125	BEFORE
31.999962	0.001	0.000	26.515625	BEFORE
32.501583	0.001	0.000	26.40625	BEFORE
32.999905	0.001	0.000	26.390625	BEFORE
33.501234	0.001	0.000	26.40625	BEFORE
33.999826	0.001	0.000	26.3515625	BEFORE
34.500988	0.001	0.000	26.40625	BEFORE
34.999901	0.001	0.000	26.3515625	BEFORE
35.528095	0.001	0.000	26.3125	BEFORE
35.999866	0.001	0.000	26.515625	BEFORE
36.509907	0.001	0.000	26.296875	BEFORE
36.999830	0.001	0.000	26.2421875	BEFORE
37.510130	0.001	0.000	26.2421875	BEFORE
37.999875	0.001	0.000	26.2421875	BEFORE
38.505025	0.001	0.000	26.296875	BEFORE
38.999966	0.001	0.000	26.2421875	BEFORE
39.501656	0.001	0.000	26.3671875	BEFORE
39.999925	0.002	0.000	26.1875	BEFORE
40.511144	0.001	0.000	26.296875	BEFORE
40.999902	0.001	0.000	26.1328125	BEFORE
41.503096	0.001	0.000	26.1640625	BEFORE
41.999870	0.001	0.000	26.203125	BEFORE
42.517877	0.001	0.000	26.2734375	BEFORE
42.999932	-1	-1	-274	ERROR
43.505136	0.001	0.000	26.2734375	BEFORE
43.999951	0.001	0.000	26.109375	BEFORE
44.503801	0.001	0.000	26.21875	BEFORE
44.999918	0.001	0.000	26.1640625	BEFORE
45.505187	0.001	0.000	26.21875	BEFORE
45.999991	0.001	0.000	26.109375	BEFORE
46.515063	0.001	0.000	26.21875	BEFORE
46.999895	0.001	0.000	26.109375	BEFORE
47.505183	0.001	0.000	26.203125	BEFORE
47.999922	0.001	0.000	26.203125	BEFORE
48.510691	0.001	0.000	26.078125	BEFORE
49.000176	0.002	0.000	26.109375	BEFORE
49.505172	0.002	0.000	26.0546875	BEFORE
49.999871	0.001	0.000	26.078125	BEFORE
50.505226	0.001	0.000	26.09375	BEFORE
50.999885	0.001	0.000	26.1328125	BEFORE
51.507561	0.001	0.000	26.1484375	BEFORE
51.999900	0.000	0.000	26.1328125	BEFORE
52.505170	0.001	0.000	26.078125	BEFORE
52.999930	0.001	0.000	26.0390625	BEFORE
53.514724	0.001	0.000	26.0390625	BEFORE
53.999906	0.001	0.000	26.0234375	BEFORE
54.501345	0.002	0.000	26.0078125	BEFORE
54.999897	0.001	0.000	26.0078125	BEFORE
55.518631	0.001	0.000	25.953125	BEFORE
55.999868	0.001	0.000	25.9296875	BEFORE
56.501903	0.001	0.000	26.0234375	BEFORE
56.999940	0.001	0.000	25.96875	BEFORE
57.502944	0.001	0.000	26.0078125	BEFORE
57.999845	0.002	0.000	25.96875	BEFORE
58.501867	0.001	0.000	26.0078125	BEFORE
58.999907	0.001	0.000	25.9296875	BEFORE
59.502586	0.001	0.000	25.9296875	BEFORE
59.999953	0.001	0.000	25.859375	BEFORE
61.000073	9.067	12.179	26.0390625	EXPOSING
61.505006	9.068	12.186	26.1328125	EXPOSING
61.999910	9.068	12.191	26.390625	EXPOSING
62.511303	9.068	12.194	26.4921875	EXPOSING
62.999879	9.068	12.197	26.65625	EXPOSING
63.500766	9.068	12.199	26.640625	EXPOSING
63.999892	9.068	12.202	27.0078125	EXPOSING
64.503513	9.068	12.203	27.078125	EXPOSING
64.999872	9.068	12.204	27.1328125	EXPOSING
65.500731	9.068	12.205	27.203125	EXPOSING
65.999920	9.068	12.207	27.3359375	EXPOSING
66.509020	9.067	12.208	27.3125	EXPOSING
66.999842	9.068	12.208	27.640625	EXPOSING
67.505224	9.068	12.209	27.4453125	EXPOSING
67.999904	9.067	12.209	27.546875	EXPOSING
68.505120	9.068	12.211	27.65625	EXPOSING
68.999899	9.068	12.211	27.71875	EXPOSING
69.505189	9.067	12.212	27.84375	EXPOSING
69.999979	9.068	12.212	27.9140625	EXPOSING
71.000025	0.019	0.005	27.9140625	WAIT
71.510366	0.018	0.003	27.5859375	WAIT
71.999877	0.018	0.002	27.5703125	WAIT
72.508608	0.017	0.002	27.515625	WAIT
72.999880	0.002	0.000	27.4453125	WAIT
73.505574	0.001	0.000	27.421875	WAIT
73.999886	0.001	0.000	27.1875	WAIT
75.000035	9.067	12.189	27.1640625	EXPOSING
75.513254	9.069	12.195	27.4765625	EXPOSING
75.999827	9.068	12.199	27.6015625	EXPOSING
76.501215	9.068	12.201	27.7734375	EXPOSING
76.999896	9.068	12.204	27.71875	EXPOSING
77.501533	9.067	12.206	27.9140625	EXPOSING
77.999908	9.068	12.208	27.953125	EXPOSING
78.504260	9.069	12.210	28.0625	EXPOSING
78.999900	9.068	12.211	27.96875	EXPOSING
79.503222	9.068	12.212	28.2265625	EXPOSING
79.999862	9.068	12.212	28.09375	EXPOSING
80.502296	9.068	12.213	28.296875	EXPOSING
80.999919	9.068	12.214	28.2578125	EXPOSING
81.505846	9.067	12.215	28.421875	EXPOSING
81.999863	9.068	12.215	28.40625	EXPOSING
82.500510	9.069	12.215	28.4453125	EXPOSING
83.000072	9.069	12.217	28.4765625	EXPOSING
83.502302	9.068	12.217	28.53125	EXPOSING
83.999908	9.069	12.216	28.6796875	EXPOSING
84.999973	0.019	0.004	28.765625	WAIT
85.500820	0.018	0.003	28.296875	WAIT
85.999851	0.018	0.002	28.1875	WAIT
86.500329	0.017	0.002	28.1484375	WAIT
86.999901	0.001	0.000	27.984375	WAIT
87.504763	0.002	0.000	27.9296875	WAIT
88.009121	0.001	0.000	27.8984375	WAIT
89.000048	9.067	12.193	27.8046875	EXPOSING
89.508469	9.068	12.199	27.9296875	EXPOSING
89.999829	9.068	12.203	28.2265625	EXPOSING
90.503758	9.068	12.205	28.2265625	EXPOSING
90.999851	9.068	12.207	28.296875	EXPOSING
91.508394	9.068	12.209	28.390625	EXPOSING
91.999895	9.068	12.211	28.40625	EXPOSING
92.514260	9.068	12.212	28.4609375	EXPOSING
92.999885	9.067	12.214	28.515625	EXPOSING
93.500891	9.068	12.215	28.7109375	EXPOSING
93.999877	9.068	12.215	28.65625	EXPOSING
94.500772	9.068	12.216	28.75	EXPOSING
94.999838	9.068	12.217	28.734375	EXPOSING
95.504634	9.068	12.217	28.875	EXPOSING
95.999894	9.068	12.217	28.765625	EXPOSING
96.504728	9.068	12.218	28.9140625	EXPOSING
96.999899	9.068	12.218	28.9453125	EXPOSING
97.502693	9.068	12.219	29.0390625	EXPOSING
97.999906	9.068	12.219	28.9296875	EXPOSING
99.000043	0.019	0.005	29.0625	WAIT
99.501832	0.018	0.002	28.765625	WAIT
99.999853	0.018	0.002	28.53125	WAIT
100.506391	0.018	0.001	28.5859375	WAIT
100.999852	0.001	0.000	28.3515625	WAIT
101.511020	0.002	0.000	28.3359375	WAIT
101.999891	0.001	0.000	28.203125	WAIT
103.000060	9.067	12.195	28.2265625	EXPOSING
103.504347	9.067	12.201	28.296875	EXPOSING
103.999900	9.068	12.205	28.390625	EXPOSING
104.504189	9.068	12.209	28.53125	EXPOSING
105.004877	9.068	12.211	28.625	EXPOSING
105.501024	9.068	12.211	28.65625	EXPOSING
105.999963	9.068	12.214	28.75	EXPOSING
106.500273	9.067	12.215	28.84375	EXPOSING
106.999977	9.068	12.215	28.875	EXPOSING
107.503193	9.068	12.217	28.8046875	EXPOSING
107.999892	9.068	12.219	28.875	EXPOSING
108.501343	9.068	12.218	28.8984375	EXPOSING
108.999853	9.069	12.220	29.0390625	EXPOSING
109.500207	9.068	12.220	29.0625	EXPOSING
109.999979	9.068	12.221	29.1171875	EXPOSING
110.500638	9.068	12.221	29.1875	EXPOSING
110.999878	9.068	12.221	29.09375	EXPOSING
111.502425	9.068	12.221	29.171875	EXPOSING
111.999884	9.069	12.222	29.2265625	EXPOSING
113.000041	0.019	0.005	29.2265625	WAIT
113.505241	0.018	0.002	28.9453125	WAIT
113.999850	0.018	0.002	28.75	WAIT
114.501213	0.018	0.001	28.7109375	WAIT
115.000011	0.001	0.000	28.6953125	WAIT
115.501341	0.002	0.000	28.4609375	WAIT
115.999869	0.002	0.000	28.4453125	WAIT
117.000044	9.067	12.198	28.3515625	EXPOSING
117.500865	9.067	12.203	28.515625	EXPOSING
117.999901	9.068	12.207	28.625	EXPOSING
118.506082	9.068	12.209	28.6796875	EXPOSING
118.999967	9.069	12.212	28.6953125	EXPOSING
119.500240	9.068	12.215	28.9453125	EXPOSING
119.999918	9.068	12.216	28.84375	EXPOSING
120.506752	9.068	12.217	28.9453125	EXPOSING
120.999991	9.069	12.219	29.09375	EXPOSING
121.503756	9.068	12.219	28.984375	EXPOSING
121.999882	9.068	12.220	29.1328125	EXPOSING
122.502342	9.068	12.222	29.203125	EXPOSING
122.999955	9.068	12.222	29.2265625	EXPOSING
123.500558	9.068	12.222	29.296875	EXPOSING
123.999902	9.068	12.222	29.2578125	EXPOSING
124.507067	9.069	12.223	29.3671875	EXPOSING
124.999848	9.067	12.224	29.4375	EXPOSING
125.500512	9.067	12.223	29.4375	EXPOSING
125.999919	9.068	12.224	29.3828125	EXPOSING
127.000077	0.019	0.004	29.4375	WAIT
127.500837	0.018	0.002	29.1171875	WAIT
127.999860	0.017	0.002	28.9140625	WAIT
128.507203	0.017	0.001	29.0234375	WAIT
128.999836	0.001	0.000	28.5859375	WAIT
129.501690	0.001	0.000	28.625	WAIT
129.999897	0.001	0.000	28.5703125	WAIT
131.000062	9.067	12.200	28.5859375	EXPOSING
131.500862	9.068	12.205	28.640625	EXPOSING
131.999891	9.068	12.208	28.8984375	EXPOSING
132.510519	9.068	12.211	28.8984375	EXPOSING
132.999839	9.068	12.214	29.09375	EXPOSING
133.505214	9.068	12.216	28.984375	EXPOSING
133.999977	9.068	12.217	29.0625	EXPOSING
134.508432	9.068	12.218	29.1328125	EXPOSING
134.999798	9.068	12.219	29.1171875	EXPOSING
135.511594	9.069	12.221	29.203125	EXPOSING
135.999864	9.068	12.221	29.3125	EXPOSING
136.500013	9.068	12.221	29.421875	EXPOSING
136.999882	9.068	12.223	29.3515625	EXPOSING
137.502096	9.068	12.223	29.3515625	EXPOSING
137.999946	9.068	12.224	29.4609375	EXPOSING
138.503450	9.068	12.224	29.40625	EXPOSING
138.999894	9.068	12.224	29.4921875	EXPOSING
139.510806	9.069	12.224	29.6171875	EXPOSING
139.999826	9.068	12.225	29.6171875	EXPOSING
141.005001	0.019	0.005	29.5859375	WAIT
141.500828	0.018	0.003	29.2265625	WAIT
141.999954	0.018	0.002	29.1171875	WAIT
142.500069	0.017	0.001	28.984375	WAIT
142.999918	0.001	0.000	28.84375	WAIT
143.502166	0.001	0.000	28.8203125	WAIT
143.999892	0.001	0.000	28.7109375	WAIT
145.000085	9.067	12.201	28.6015625	EXPOSING
145.501221	9.068	12.205	28.8203125	EXPOSING
145.999876	9.068	12.209	28.96875	EXPOSING
146.506129	9.067	12.212	28.984375	EXPOSING
146.999875	9.068	12.215	29.0234375	EXPOSING
147.500736	9.069	12.217	29.1484375	EXPOSING
147.999921	9.068	12.219	29.2421875	EXPOSING
148.501169	9.068	12.220	29.2421875	EXPOSING
148.999936	9.069	12.221	29.2421875	EXPOSING
149.502400	9.068	12.222	29.3125	EXPOSING
149.999917	9.068	12.223	29.4609375	EXPOSING
150.500791	9.068	12.223	29.4921875	EXPOSING
150.999957	9.068	12.223	29.4609375	EXPOSING
151.501311	9.068	12.225	29.421875	EXPOSING
151.999885	9.068	12.224	29.6015625	EXPOSING
152.502050	9.068	12.225	29.5859375	EXPOSING
152.999875	9.068	12.225	29.640625	EXPOSING
153.503062	9.068	12.225	29.6015625	EXPOSING
153.999874	9.069	12.226	29.75	EXPOSING
155.000057	0.019	0.005	29.78125	WAIT
155.503863	0.018	0.003	29.203125	WAIT
155.999979	0.018	0.002	29.2734375	WAIT
156.500284	0.019	0.001	29.09375	WAIT
156.999886	0.002	0.000	29.0078125	WAIT
157.500404	0.001	0.000	28.9453125	WAIT
157.999892	0.001	0.000	28.765625	WAIT
158.999894	9.067	12.198	28.734375	EXPOSING
159.503567	9.067	12.207	28.9453125	EXPOSING
159.999842	9.068	12.210	29.0625	EXPOSING
160.505808	9.069	12.212	29.09375	EXPOSING
160.999836	9.069	12.215	29.2421875	EXPOSING
161.500905	9.068	12.217	29.2265625	EXPOSING
161.999933	9.068	12.218	29.328125	EXPOSING
162.515916	9.067	12.220	29.3671875	EXPOSING
162.999951	9.069	12.222	29.4375	EXPOSING
163.501077	9.069	12.222	29.3671875	EXPOSING
163.999950	9.069	12.223	29.4609375	EXPOSING
164.500657	9.068	12.223	29.640625	EXPOSING
165.000507	9.068	12.224	29.4921875	EXPOSING
165.501719	9.067	12.225	29.6953125	EXPOSING
165.999851	9.068	12.225	29.6171875	EXPOSING
166.503558	9.068	12.225	29.65625	EXPOSING
166.999868	9.068	12.225	29.640625	EXPOSING
167.500369	9.068	12.226	29.765625	EXPOSING
167.999880	9.069	12.227	29.8046875	EXPOSING
169.000048	0.020	0.005	29.78125	WAIT
169.500030	0.019	0.003	29.4921875	WAIT
169.999894	0.018	0.003	29.3828125	WAIT
170.508137	0.017	0.001	29.2578125	WAIT
170.999866	0.001	0.000	29.0390625	WAIT
171.501087	0.001	0.000	29.0234375	WAIT
171.999899	0.002	0.000	28.9453125	WAIT
173.000063	9.067	12.200	28.84375	EXPOSING
173.501329	9.068	12.207	29.09375	EXPOSING
173.999879	9.068	12.211	29.0390625	EXPOSING
174.510159	9.069	12.213	29.1484375	EXPOSING
174.999835	9.067	12.215	29.2734375	EXPOSING
175.509461	9.068	12.218	29.3515625	EXPOSING
175.999872	9.068	12.219	29.4375	EXPOSING
176.504651	9.068	12.220	29.3828125	EXPOSING
176.999864	9.068	12.222	29.4375	EXPOSING
177.500614	9.068	12.223	29.65625	EXPOSING
177.999891	9.068	12.223	29.515625	EXPOSING
178.502304	9.068	12.224	29.5703125	EXPOSING
178.999890	9.068	12.225	29.6015625	EXPOSING
179.503874	9.068	12.225	29.65625	EXPOSING
179.999895	9.068	12.225	29.75	EXPOSING
180.500759	9.068	12.226	29.78125	EXPOSING
180.999855	9.068	12.226	29.8203125	EXPOSING
181.501735	9.068	12.226	29.9609375	EXPOSING
181.999853	9.068	12.227	29.9140625	EXPOSING
183.000086	0.019	0.004	29.8359375	WAIT
183.500123	0.018	0.002	29.4375	WAIT
183.999988	0.018	0.002	29.3515625	WAIT
184.501294	0.017	0.002	29.2265625	WAIT
184.999888	0.001	0.000	29.1484375	WAIT
185.513283	0.001	0.000	29.078125	WAIT
185.999859	0.001	0.000	28.984375	WAIT
187.000061	9.067	12.200	28.9296875	EXPOSING
187.505540	9.068	12.207	29.09375	EXPOSING
187.999827	9.068	12.210	29.328125	EXPOSING
188.500657	9.068	12.214	29.3515625	EXPOSING
188.999880	9.068	12.216	29.3828125	EXPOSING
189.503617	9.069	12.218	29.40625	EXPOSING
189.999867	9.068	12.219	29.3515625	EXPOSING
190.500524	9.067	12.220	29.40625	EXPOSING
190.999886	9.068	12.222	29.546875	EXPOSING
191.507964	9.068	12.223	29.5703125	EXPOSING
191.999851	9.068	12.224	29.65625	EXPOSING
192.501972	9.068	12.225	29.765625	EXPOSING
192.999962	9.068	12.225	29.671875	EXPOSING
193.500519	9.068	12.226	29.6953125	EXPOSING
193.999823	9.068	12.226	29.875	EXPOSING
194.505429	9.068	12.226	29.8359375	EXPOSING
194.999879	9.069	12.227	29.8203125	EXPOSING
195.500143	9.067	12.227	29.9296875	EXPOSING
195.999900	9.068	12.227	30.015625	EXPOSING
197.000059	0.019	0.004	29.9609375	WAIT
197.502676	0.018	0.002	29.6953125	WAIT
197.999873	0.017	0.002	29.3828125	WAIT
198.501287	0.018	0.001	29.4375	WAIT
198.999827	0.002	0.000	29.2421875	WAIT
199.509473	0.002	0.000	29.203125	WAIT
200.003411	0.001	0.000	29.0234375	WAIT
201.000040	9.067	12.203	29.0234375	EXPOSING
201.501935	9.068	12.209	29.203125	EXPOSING
201.999897	9.069	12.212	29.328125	EXPOSING
202.501047	9.068	12.214	29.40625	EXPOSING
202.999925	9.068	12.216	29.40625	EXPOSING
203.505699	9.068	12.218	29.4765625	EXPOSING
203.999886	9.068	12.220	29.5703125	EXPOSING
204.505272	9.067	12.222	29.6171875	EXPOSING
204.999824	9.068	12.223	29.6953125	EXPOSING
205.501741	9.068	12.224	29.7109375	EXPOSING
205.999852	9.068	12.224	29.765625	EXPOSING
206.502232	9.068	12.225	29.75	EXPOSING
206.999915	9.068	12.226	29.8359375	EXPOSING
207.500890	9.067	12.226	29.859375	EXPOSING
207.999901	9.068	12.227	29.8984375	EXPOSING
208.500544	9.068	12.227	29.984375	EXPOSING
208.999886	9.069	12.227	29.9140625	EXPOSING
209.505625	9.068	12.228	30.0	EXPOSING
210.005060	9.069	12.228	29.9609375	EXPOSING
211.000139	0.019	0.004	30.1484375	WAIT
211.500728	0.019	0.003	29.640625	WAIT
211.999895	0.017	0.002	29.421875	WAIT
212.507928	0.018	0.001	29.4375	WAIT
212.999969	0.002	0.000	29.296875	WAIT
213.500266	0.001	0.000	29.203125	WAIT
213.999898	0.002	0.000	29.1875	WAIT
215.000406	9.067	12.203	29.1171875	EXPOSING
215.503886	9.067	12.208	29.328125	EXPOSING
215.999850	9.068	12.212	29.3515625	EXPOSING
216.512353	9.068	12.215	29.4921875	EXPOSING
216.999849	9.068	12.218	29.4765625	EXPOSING
217.501134	9.067	12.219	29.5859375	EXPOSING
217.999876	9.068	12.221	29.5703125	EXPOSING
218.500535	9.068	12.222	29.671875	EXPOSING
218.999880	9.068	12.223	29.8203125	EXPOSING
219.504796	9.068	12.224	29.8203125	EXPOSING
219.999895	9.068	12.225	29.8203125	EXPOSING
220.504476	9.068	12.225	29.8046875	EXPOSING
220.999837	9.068	12.227	29.8359375	EXPOSING
221.506905	9.068	12.227	29.9296875	EXPOSING
221.999898	9.068	12.227	29.9140625	EXPOSING
222.509037	9.068	12.227	30.0546875	EXPOSING
222.999826	9.069	12.228	30.09375	EXPOSING
223.500040	9.068	12.228	30.1328125	EXPOSING
224.501853	0.022	0.011	30.2734375	WAIT
224.999976	0.019	0.004	29.8046875	WAIT
225.501822	0.018	0.003	29.6953125	WAIT
225.999890	0.018	0.002	29.4375	WAIT
226.505562	0.000	0.002	29.4609375	WAIT
226.999866	0.002	0.000	29.3125	WAIT
227.500082	0.001	0.000	29.2578125	WAIT
227.999893	0.002	0.000	29.2265625	WAIT
229.000044	9.067	12.202	29.1484375	EXPOSING
229.500699	9.067	12.208	29.2265625	EXPOSING
229.999896	9.068	12.212	29.40625	EXPOSING
230.513762	9.068	12.215	29.53125	EXPOSING
230.999870	9.067	12.217	29.53125	EXPOSING
231.505140	9.068	12.220	29.65625	EXPOSING
231.999909	9.068	12.221	29.65625	EXPOSING
232.502145	9.068	12.222	29.6953125	EXPOSING
232.999895	9.068	12.224	29.78125	EXPOSING
233.500726	9.069	12.224	29.7265625	EXPOSING
233.999881	9.068	12.225	29.7109375	EXPOSING
234.502128	9.069	12.225	29.8984375	EXPOSING
234.999856	9.069	12.226	29.9140625	EXPOSING
235.501176	9.068	12.227	29.953125	EXPOSING
235.999923	9.068	12.228	30.1875	EXPOSING
236.504900	9.067	12.227	30.09375	EXPOSING
236.999864	9.067	12.228	30.1484375	EXPOSING
237.504731	9.068	12.228	30.09375	EXPOSING
237.999860	9.068	12.228	30.1328125	EXPOSING
239.000070	0.019	0.004	30.109375	WAIT
239.505168	0.018	0.002	29.859375	WAIT
239.999826	0.017	0.002	29.6171875	WAIT
240.520982	0.018	0.001	29.6171875	WAIT
240.999860	0.002	0.000	29.328125	WAIT
241.501641	0.001	0.000	29.4375	WAIT
241.999875	0.001	0.000	29.2421875	WAIT
243.000043	9.067	12.203	29.1171875	EXPOSING
243.501348	9.067	12.209	29.296875	EXPOSING
244.000221	9.068	12.213	29.546875	EXPOSING
244.500023	9.069	12.216	29.4609375	EXPOSING
244.999910	9.069	12.217	29.671875	EXPOSING
245.500077	9.068	12.220	29.65625	EXPOSING
245.999995	9.069	12.221	29.7109375	EXPOSING
246.500062	9.068	12.223	29.8046875	EXPOSING
247.000127	9.068	12.224	29.875	EXPOSING
247.502513	9.069	12.225	29.8046875	EXPOSING
247.999873	9.068	12.225	29.8984375	EXPOSING
248.506983	9.068	12.226	29.9140625	EXPOSING
248.999870	9.068	12.227	30.0	EXPOSING
249.504369	9.068	12.228	30.109375	EXPOSING
249.999841	9.068	12.227	30.09375	EXPOSING
250.500674	9.068	12.228	30.1875	EXPOSING
250.999899	9.068	12.229	30.1484375	EXPOSING
251.515949	9.068	12.228	30.2421875	EXPOSING
251.999825	9.068	12.229	30.1875	EXPOSING
253.000053	0.019	0.004	30.2578125	WAIT
253.501060	0.018	0.002	29.859375	WAIT
253.999970	0.018	0.002	29.8359375	WAIT
254.501432	0.018	0.002	29.6171875	WAIT
254.999895	0.002	0.000	29.546875	WAIT
255.504428	0.001	0.000	29.4375	WAIT
255.999863	0.001	0.000	29.2421875	WAIT
257.000057	9.067	12.203	29.328125	EXPOSING
257.515143	9.068	12.210	29.40625	EXPOSING
257.999938	9.068	12.214	29.4375	EXPOSING
258.501449	9.068	12.216	29.65625	EXPOSING
258.999870	9.068	12.218	29.75	EXPOSING
259.502295	9.068	12.220	29.7109375	EXPOSING
259.999835	9.068	12.222	29.859375	EXPOSING
260.500018	9.068	12.223	29.8203125	EXPOSING
260.999815	9.068	12.224	29.8359375	EXPOSING
261.505508	9.068	12.224	30.0546875	EXPOSING
261.999948	9.067	12.226	30.0546875	EXPOSING
262.500036	9.068	12.226	30.1328125	EXPOSING
262.999956	9.068	12.227	30.1328125	EXPOSING
263.500014	9.068	12.228	30.09375	EXPOSING
263.999934	9.068	12.228	30.1328125	EXPOSING
264.500166	9.068	12.228	30.2421875	EXPOSING
264.999848	9.068	12.228	30.2421875	EXPOSING
265.500849	9.068	12.229	30.203125	EXPOSING
265.999917	9.068	12.229	30.328125	EXPOSING
267.000175	0.019	0.005	30.203125	WAIT
267.500710	0.018	0.003	29.953125	WAIT
267.999904	0.018	0.002	29.8046875	WAIT
268.502495	0.018	0.002	29.6171875	WAIT
268.999823	0.001	0.000	29.5703125	WAIT
269.501198	0.002	0.000	29.515625	WAIT
269.999878	0.002	0.000	29.3515625	WAIT
271.000054	9.067	12.205	29.3125	EXPOSING
271.502099	9.067	12.210	29.5859375	EXPOSING
271.999898	9.069	12.214	29.6171875	EXPOSING
272.515727	9.068	12.216	29.8046875	EXPOSING
272.999875	9.068	12.217	29.6953125	EXPOSING
273.500101	9.068	12.220	29.8359375	EXPOSING
273.999947	9.068	12.222	29.875	EXPOSING
274.505800	9.068	12.223	29.8984375	EXPOSING
274.999863	9.068	12.224	30.0390625	EXPOSING
275.500159	9.068	12.226	30.015625	EXPOSING
275.999989	9.068	12.227	30.1484375	EXPOSING
276.502753	9.069	12.227	30.09375	EXPOSING
276.999882	9.068	12.228	30.09375	EXPOSING
277.500522	9.069	12.228	30.0546875	EXPOSING
277.999948	9.068	12.229	30.1640625	EXPOSING
278.503033	9.069	12.228	30.203125	EXPOSING
278.999874	9.068	12.229	30.328125	EXPOSING
279.504515	9.069	12.229	30.3671875	EXPOSING
279.999972	9.068	12.230	30.34375	EXPOSING
281.001065	0.019	0.004	30.453125	WAIT
281.513693	0.019	0.002	30.0546875	WAIT
281.999996	0.017	0.002	29.984375	WAIT
282.502183	0.017	0.002	29.65625	WAIT
282.999957	0.002	0.000	29.65625	WAIT
283.501084	0.002	0.000	29.53125	WAIT
284.001300	0.001	0.000	29.4609375	WAIT
285.000042	9.067	12.204	29.4609375	EXPOSING
285.500087	9.067	12.208	29.4609375	EXPOSING
285.999982	9.068	12.213	29.65625	EXPOSING
286.507485	9.068	12.216	29.6953125	EXPOSING
286.999809	9.068	12.218	29.875	EXPOSING
287.501160	9.068	12.220	29.8046875	EXPOSING
287.999961	9.068	12.222	29.859375	EXPOSING
288.506851	9.068	12.223	29.9140625	EXPOSING
288.999843	9.068	12.224	29.9296875	EXPOSING
289.500201	9.068	12.226	30.0546875	EXPOSING
289.999933	9.068	12.226	30.0390625	EXPOSING
290.500480	9.067	12.227	30.109375	EXPOSING
290.999968	9.068	12.227	30.21875	EXPOSING
291.502439	9.068	12.228	30.2734375	EXPOSING
291.999926	9.068	12.228	30.2421875	EXPOSING
292.502573	9.069	12.229	30.2890625	EXPOSING
293.004963	9.068	12.229	30.2890625	EXPOSING
293.513321	9.068	12.229	30.328125	EXPOSING
293.999822	9.068	12.229	30.3984375	EXPOSING
295.000071	0.019	0.005	30.421875	WAIT
295.509788	0.018	0.002	30.0546875	WAIT
295.999828	0.018	0.002	29.9609375	WAIT
296.500645	0.018	0.002	29.7265625	WAIT
296.999954	0.002	0.000	29.6015625	WAIT
297.500319	0.001	0.000	29.53125	WAIT
297.999944	0.001	0.000	29.421875	WAIT
299.000086	9.067	12.203	29.40625	EXPOSING
299.500144	9.068	12.209	29.6015625	EXPOSING
299.999989	9.068	12.214	29.6015625	EXPOSING
300.503071	9.068	12.216	29.859375	EXPOSING
300.999922	9.068	12.219	29.953125	EXPOSING
301.506402	9.069	12.221	29.9296875	EXPOSING
301.999918	9.068	12.223	30.0390625	EXPOSING
302.500123	9.068	12.224	29.953125	EXPOSING
302.999924	9.068	12.226	30.0390625	EXPOSING
303.502038	9.068	12.225	30.1875	EXPOSING
303.999875	9.069	12.227	30.1640625	EXPOSING
304.500461	9.068	12.227	30.1328125	EXPOSING
304.999972	9.069	12.228	30.2890625	EXPOSING
305.502502	9.068	12.229	30.2734375	EXPOSING
306.000002	9.068	12.229	30.2578125	EXPOSING
306.504994	9.068	12.230	30.34375	EXPOSING
306.999930	9.069	12.230	30.3828125	EXPOSING
307.505391	9.069	12.231	30.328125	EXPOSING
307.999851	9.069	12.230	30.328125	EXPOSING
309.000104	0.019	0.005	30.546875	WAIT
309.509520	0.019	0.003	30.09375	WAIT
309.999858	0.018	0.003	30.0	WAIT
310.500412	0.018	0.002	29.8359375	WAIT
310.999873	0.002	0.000	29.75	WAIT
311.507463	0.002	0.000	29.546875	WAIT
311.999855	0.002	0.000	29.4921875	WAIT
313.000056	9.068	12.205	29.4765625	EXPOSING
313.504540	9.068	12.211	29.640625	EXPOSING
313.999900	9.068	12.215	29.875	EXPOSING
314.500417	9.068	12.216	29.78125	EXPOSING
314.999859	9.068	12.219	29.8359375	EXPOSING
315.501293	9.068	12.221	29.8984375	EXPOSING
316.009048	9.068	12.222	30.0546875	EXPOSING
316.518834	9.069	12.224	30.0390625	EXPOSING
316.999812	9.068	12.225	30.0546875	EXPOSING
317.508313	9.068	12.226	30.09375	EXPOSING
318.004958	9.068	12.227	30.21875	EXPOSING
318.501375	9.069	12.227	30.2421875	EXPOSING
318.999909	9.068	12.229	30.1875	EXPOSING
319.500639	9.068	12.229	30.328125	EXPOSING
319.999886	9.069	12.228	30.421875	EXPOSING
320.500220	9.069	12.230	30.328125	EXPOSING
320.999815	9.069	12.230	30.3984375	EXPOSING
321.501137	9.069	12.230	30.453125	EXPOSING
321.999900	9.069	12.230	30.5078125	EXPOSING
323.000029	0.020	0.005	30.421875	WAIT
323.509119	0.018	0.003	30.1875	WAIT
323.999879	0.018	0.002	29.9609375	WAIT
324.504986	0.017	0.001	29.8984375	WAIT
324.999943	0.002	0.000	29.7265625	WAIT
325.501971	0.002	0.000	29.6171875	WAIT
325.999901	0.001	0.000	29.546875	WAIT
327.000094	9.067	12.205	29.4375	EXPOSING
327.509474	9.067	12.210	29.7109375	EXPOSING
327.999832	9.068	12.214	29.8203125	EXPOSING
328.500058	9.068	12.216	29.8359375	EXPOSING
328.999907	9.068	12.219	30.0	EXPOSING
329.501334	9.068	12.221	29.984375	EXPOSING
329.999859	9.068	12.223	29.9296875	EXPOSING
330.501041	9.068	12.224	30.09375	EXPOSING
330.999839	9.068	12.225	30.1328125	EXPOSING
331.526414	9.068	12.225	30.203125	EXPOSING
331.999885	9.068	12.226	30.203125	EXPOSING
332.501824	9.069	12.227	30.2421875	EXPOSING
332.999987	9.069	12.228	30.2890625	EXPOSING
333.500949	9.068	12.228	30.3671875	EXPOSING
333.999982	9.068	12.228	30.2890625	EXPOSING
334.507585	9.068	12.228	30.421875	EXPOSING
334.999871	9.068	12.229	30.34375	EXPOSING
335.500075	9.068	12.229	30.546875	EXPOSING
335.999908	9.068	12.230	30.546875	EXPOSING
337.000075	0.020	0.005	30.546875	WAIT
337.502113	0.018	0.003	30.1640625	WAIT
337.999936	0.017	0.002	29.9609375	WAIT
338.502525	0.018	0.002	29.953125	WAIT
338.999862	0.002	0.000	29.8984375	WAIT
339.511105	0.002	0.000	29.65625	WAIT
339.999880	0.002	0.000	29.6015625	WAIT
341.509283	0.017	0.002	29.546875	WAIT
343.000133	0.018	0.002	29.296875	WAIT
344.500121	0.017	0.002	29.1328125	WAIT
345.999918	0.018	0.003	28.96875	WAIT
347.500128	0.018	0.002	28.8046875	WAIT
348.999885	0.018	0.003	28.640625	WAIT
350.500377	0.018	0.002	28.5546875	WAIT
352.005165	0.018	0.003	28.515625	WAIT
353.500749	0.017	0.002	28.53125	WAIT
354.999952	0.017	0.002	28.3125	WAIT
356.516959	0.017	0.001	28.2734375	WAIT
357.999969	0.017	0.003	28.078125	WAIT
359.501158	0.018	0.002	28.0078125	WAIT
361.000011	0.018	0.002	28.078125	WAIT
362.531767	0.017	0.002	27.9296875	WAIT
363.999889	0.018	0.002	27.875	WAIT
365.507529	0.018	0.002	27.8046875	WAIT
366.999991	0.018	0.002	27.75	WAIT
368.506352	0.017	0.002	27.6796875	WAIT
369.999959	0.017	0.002	27.640625	WAIT
371.504855	0.017	0.001	27.515625	WAIT
372.999951	0.017	0.002	27.5	WAIT
374.512262	0.017	0.001	27.421875	WAIT
375.999953	0.018	0.002	27.515625	WAIT
377.508773	0.018	0.002	27.3515625	WAIT
378.999943	0.018	0.001	27.4765625	WAIT
380.507606	0.018	0.002	27.3125	WAIT
381.999902	0.017	0.002	27.4453125	WAIT
383.503670	0.017	0.001	27.28125	WAIT
384.999991	0.017	0.001	27.28125	WAIT
386.506913	0.017	0.001	27.2578125	WAIT
387.999989	0.017	0.002	27.0625	WAIT
389.501572	0.018	0.001	27.09375	WAIT
390.999947	0.018	0.003	27.078125	WAIT
392.501706	0.017	0.002	27.1875	WAIT
393.999938	0.017	0.002	27.078125	WAIT
395.502850	0.017	0.001	27.0234375	WAIT
397.000041	0.017	0.002	26.953125	WAIT
398.506548	0.017	0.001	26.96875	WAIT
400.000062	0.018	0.001	26.875	WAIT
400.999717	0.020	0.460	26.84375	WAIT
402.501662	0.017	0.002	26.9140625	WAIT
404.000148	0.017	0.002	26.9140625	WAIT
405.505221	0.018	0.002	26.84375	WAIT
407.000161	0.018	0.002	26.75	WAIT
408.500056	0.018	0.002	26.734375	WAIT
410.005246	0.017	0.001	26.75	WAIT
411.601244	0.017	0.001	26.8046875	WAIT
412.999904	0.017	0.002	26.640625	WAIT
413.999723	0.021	0.010	26.6015625	WAIT
415.500074	0.018	0.002	26.7734375	WAIT
417.005262	0.017	0.002	26.640625	WAIT
418.502666	0.017	0.002	26.6015625	WAIT
420.000179	0.018	0.002	26.515625	WAIT
421.499998	0.017	0.002	26.5703125	WAIT
423.000069	0.017	0.001	26.546875	WAIT
424.499902	0.018	0.002	26.4921875	WAIT
426.000522	0.018	0.001	26.4921875	WAIT
426.999676	0.022	0.012	26.4765625	WAIT
428.499970	0.018	0.002	26.515625	WAIT
430.002088	0.018	0.001	26.3671875	WAIT
431.502439	0.017	0.001	26.40625	WAIT
433.000037	0.017	0.001	26.4609375	WAIT
434.500010	0.017	0.002	26.3515625	WAIT
436.005255	0.018	0.001	26.203125	WAIT
437.504467	0.017	0.001	26.296875	WAIT
439.000052	0.017	0.001	26.3125	WAIT
440.500017	0.018	0.002	26.3515625	WAIT
442.000721	0.017	0.001	26.2734375	WAIT
443.505291	0.017	0.001	26.109375	WAIT
445.000087	0.017	0.002	26.2578125	WAIT
446.499968	0.017	0.001	26.1484375	WAIT
448.000145	0.017	0.001	26.1875	WAIT
449.503098	0.017	0.002	26.109375	WAIT
451.000099	0.018	0.002	26.1328125	WAIT
452.499929	0.018	0.002	26.09375	WAIT
454.002192	0.018	0.001	26.0390625	WAIT
455.507417	0.017	0.001	26.0390625	WAIT
457.000061	0.017	0.002	25.875	WAIT
458.499982	0.017	0.002	26.1328125	WAIT
