#Resonance Frequency: 160500.000 kHz
#Set Current: 15.13 A
Time [s]	Current [A]	Voltage [V]	T0 [degC]	State
0.000029	0.001	0.000	33.7109375	BEFORE
0.502816	0.001	0.000	33.7421875	BEFORE
0.999944	0.002	0.000	33.7109375	BEFORE
1.505025	0.001	0.000	33.671875	BEFORE
1.999906	0.002	0.000	33.78125	BEFORE
2.505085	0.001	0.000	33.7421875	BEFORE
2.999872	0.001	0.000	33.6171875	BEFORE
3.519314	0.001	0.000	33.765625	BEFORE
3.999826	0.001	0.000	33.5625	BEFORE
4.505104	0.001	0.000	33.6015625	BEFORE
4.999889	0.001	0.000	33.5625	BEFORE
5.505068	0.001	0.000	33.546875	BEFORE
5.999879	0.002	0.000	33.4375	BEFORE
6.500102	0.001	0.000	33.453125	BEFORE
6.999913	0.001	0.000	33.5078125	BEFORE
7.505065	0.001	0.000	33.4921875	BEFORE
7.999886	0.001	0.000	33.4375	BEFORE
8.505066	0.002	0.000	33.4765625	BEFORE
8.999917	0.001	0.000	33.3984375	BEFORE
9.502414	0.002	0.000	33.21875	BEFORE
9.999885	0.001	0.000	33.328125	BEFORE
10.505059	0.001	0.000	33.34375	BEFORE
10.999935	0.001	0.000	33.21875	BEFORE
11.500082	0.001	0.000	33.171875	BEFORE
11.999843	0.001	0.000	33.171875	BEFORE
12.505072	0.001	0.000	33.2890625	BEFORE
12.999870	0.001	0.000	33.234375	BEFORE
13.504297	0.001	0.000	33.09375	BEFORE
13.999872	0.001	0.000	33.0	BEFORE
14.505036	0.001	0.000	33.1171875	BEFORE
14.999838	0.001	0.000	33.1171875	BEFORE
15.504530	0.001	0.000	33.0234375	BEFORE
15.999918	0.001	0.000	32.984375	BEFORE
16.503885	0.001	0.000	33.0234375	BEFORE
16.999862	0.001	0.000	33.0390625	BEFORE
17.504324	0.001	0.000	32.96875	BEFORE
17.999816	0.002	0.000	32.9453125	BEFORE
18.505046	0.001	0.000	32.828125	BEFORE
18.999852	0.001	0.000	32.9140625	BEFORE
19.501179	0.001	0.000	33.0	BEFORE
19.999835	0.002	0.000	32.828125	BEFORE
20.505087	0.002	0.000	32.9296875	BEFORE
20.999870	0.001	0.000	32.859375	BEFORE
21.502204	0.001	0.000	32.734375	BEFORE
21.999828	0.001	0.000	32.828125	BEFORE
22.505025	0.002	0.000	32.75	BEFORE
22.999867	0.002	0.000	32.6640625	BEFORE
23.505049	0.002	0.000	32.5859375	BEFORE
23.999918	0.002	0.000	32.5703125	BEFORE
24.500277	0.002	0.000	32.6640625	BEFORE
24.999820	0.002	0.000	32.609375	BEFORE
25.505004	0.001	0.000	32.5390625	BEFORE
25.999858	0.002	0.000	32.515625	BEFORE
26.500245	0.001	0.000	32.5703125	BEFORE
26.999863	0.001	0.000	32.484375	BEFORE
27.505046	0.002	0.000	32.515625	BEFORE
27.999861	0.002	0.000	32.5859375	BEFORE
28.503848	0.002	0.000	32.4453125	BEFORE
28.999848	0.002	0.000	32.4296875	BEFORE
29.505071	0.001	0.000	32.515625	BEFORE
29.999853	0.001	0.000	32.375	BEFORE
30.505026	0.001	0.000	32.3203125	BEFORE
30.999925	0.001	0.000	32.28125	BEFORE
31.624238	0.001	0.000	32.265625	BEFORE
31.999694	0.001	0.000	32.25	BEFORE
32.503961	0.001	0.000	32.28125	BEFORE
32.999892	0.002	0.000	32.3515625	BEFORE
33.504990	0.002	0.000	32.28125	BEFORE
33.999882	0.001	0.000	32.265625	BEFORE
34.505081	0.001	0.000	32.15625	BEFORE
34.999908	0.001	0.000	32.171875	BEFORE
35.502062	0.001	0.000	32.0625	BEFORE
35.999830	0.001	0.000	32.1171875	BEFORE
36.501964	0.001	0.000	32.0078125	BEFORE
36.999885	0.002	0.000	32.0625	BEFORE
37.511245	0.001	0.000	31.9921875	BEFORE
37.999857	0.001	0.000	32.03125	BEFORE
38.502418	0.001	0.000	32.0859375	BEFORE
38.999864	0.001	0.000	32.046875	BEFORE
39.505056	0.002	0.000	31.9765625	BEFORE
39.999858	0.001	0.000	32.0078125	BEFORE
40.505101	0.001	0.000	31.8828125	BEFORE
40.999913	0.001	0.000	31.9375	BEFORE
41.503752	0.002	0.000	31.8515625	BEFORE
41.999823	0.001	0.000	31.9375	BEFORE
42.505062	0.001	0.000	31.828125	BEFORE
42.999851	0.001	0.000	31.8125	BEFORE
43.502753	0.001	0.000	31.828125	BEFORE
43.999949	0.002	0.000	31.8125	BEFORE
44.505632	0.002	0.000	31.7734375	BEFORE
44.999896	0.001	0.000	31.7578125	BEFORE
45.501456	0.002	0.000	31.7421875	BEFORE
45.999833	0.002	0.000	31.703125	BEFORE
46.504996	0.002	0.000	31.71875	BEFORE
46.999851	0.001	0.000	31.6875	BEFORE
47.502865	0.002	0.000	31.7421875	BEFORE
47.999920	0.001	0.000	31.7421875	BEFORE
48.505064	0.002	0.000	31.609375	BEFORE
48.999945	0.002	0.000	31.5078125	BEFORE
49.505033	0.001	0.000	31.5390625	BEFORE
49.999871	0.002	0.000	31.5078125	BEFORE
50.503791	0.002	0.000	31.46875	BEFORE
50.999879	0.002	0.000	31.484375	BEFORE
51.501664	0.001	0.000	31.484375	BEFORE
51.999887	0.002	0.000	31.484375	BEFORE
52.505464	0.001	0.000	31.375	BEFORE
52.999868	0.002	0.000	31.46875	BEFORE
53.525489	0.001	0.000	31.46875	BEFORE
53.999817	0.002	0.000	31.3984375	BEFORE
54.505026	0.001	0.000	31.3984375	BEFORE
54.999860	0.001	0.000	31.234375	BEFORE
55.501805	0.001	0.000	31.359375	BEFORE
55.999849	0.002	0.000	31.3203125	BEFORE
56.505207	0.001	0.000	31.3984375	BEFORE
56.999913	0.001	0.000	31.2734375	BEFORE
57.505032	0.002	0.000	31.2734375	BEFORE
57.999858	0.002	0.000	31.1953125	BEFORE
58.502982	0.001	0.000	31.25	BEFORE
58.999887	0.002	0.000	31.1640625	BEFORE
59.513602	0.002	0.000	31.140625	BEFORE
59.999836	0.002	0.000	31.0703125	BEFORE
60.999895	15.091	20.482	31.0859375	EXPOSING
61.506682	15.093	20.525	32.25	EXPOSING
61.999858	15.093	20.542	32.71875	EXPOSING
62.500890	15.093	20.559	33.4921875	EXPOSING
62.999914	15.094	20.574	33.9765625	EXPOSING
63.505070	15.094	20.586	34.5390625	EXPOSING
63.999856	15.094	20.597	35.125	EXPOSING
64.521437	15.094	20.606	35.546875	EXPOSING
64.999824	15.094	20.609	36.0078125	EXPOSING
65.505031	15.094	20.616	36.4453125	EXPOSING
65.999857	15.094	20.623	36.8515625	EXPOSING
66.502437	15.093	20.627	37.3203125	EXPOSING
66.999902	15.094	20.632	37.765625	EXPOSING
67.503666	15.093	20.635	38.03125	EXPOSING
67.999849	15.094	20.638	38.609375	EXPOSING
68.505090	15.093	20.642	38.890625	EXPOSING
68.999933	15.094	20.645	39.265625	EXPOSING
69.504497	15.094	20.649	39.6953125	EXPOSING
69.999841	15.094	20.651	40.015625	EXPOSING
70.999880	0.019	0.005	40.28125	WAIT
71.500156	0.018	0.003	39.5703125	WAIT
71.999863	0.018	0.002	39.15625	WAIT
72.506069	0.017	0.002	38.890625	WAIT
72.999837	0.002	0.000	38.625	WAIT
73.501647	0.001	0.000	38.375	WAIT
73.999808	0.001	0.000	38.0859375	WAIT
74.999848	15.090	20.546	37.9453125	EXPOSING
75.505022	15.093	20.567	38.484375	EXPOSING
75.999922	15.092	20.582	39.015625	EXPOSING
76.501528	15.093	20.598	39.40625	EXPOSING
76.999861	15.093	20.610	39.9453125	EXPOSING
77.505021	15.093	20.622	40.2265625	EXPOSING
77.999861	15.093	20.630	40.640625	EXPOSING
78.503572	15.093	20.637	41.046875	EXPOSING
78.999833	15.093	20.641	41.4765625	EXPOSING
79.505028	15.093	20.647	41.7109375	EXPOSING
79.999885	15.093	20.652	42.0625	EXPOSING
80.500872	15.093	20.655	42.34375	EXPOSING
80.999950	15.094	20.658	42.75	EXPOSING
81.504983	15.094	20.661	42.9765625	EXPOSING
81.999888	15.094	20.663	43.3359375	EXPOSING
82.505033	15.094	20.665	43.546875	EXPOSING
82.999869	15.093	20.668	43.953125	EXPOSING
83.500566	15.093	20.670	44.203125	EXPOSING
83.999850	15.094	20.672	44.484375	EXPOSING
84.999898	0.019	0.004	44.734375	WAIT
85.507596	0.018	0.003	43.921875	WAIT
85.999803	0.017	0.002	43.296875	WAIT
86.505033	0.017	0.002	43.03125	WAIT
86.999848	0.002	0.000	42.6953125	WAIT
87.504182	0.001	0.000	42.46875	WAIT
87.999942	0.001	0.000	42.09375	WAIT
88.999923	15.090	20.545	41.7109375	EXPOSING
89.505048	15.093	20.585	42.21875	EXPOSING
89.999929	15.093	20.603	42.6640625	EXPOSING
90.500805	15.093	20.617	42.890625	EXPOSING
90.999788	15.093	20.630	43.4609375	EXPOSING
91.668698	15.094	20.640	43.703125	EXPOSING
91.999658	15.093	20.643	44.203125	EXPOSING
92.503917	15.093	20.653	44.3046875	EXPOSING
92.999949	15.093	20.658	44.71875	EXPOSING
93.505046	15.094	20.665	45.015625	EXPOSING
93.999908	15.094	20.669	45.390625	EXPOSING
94.505042	15.093	20.673	45.671875	EXPOSING
94.999860	15.094	20.674	45.953125	EXPOSING
95.501929	15.094	20.676	46.1484375	EXPOSING
95.999826	15.094	20.679	46.5	EXPOSING
96.505027	15.094	20.682	46.7109375	EXPOSING
96.999849	15.092	20.684	46.9609375	EXPOSING
97.509415	15.094	20.686	47.2109375	EXPOSING
97.999875	15.094	20.686	47.5234375	EXPOSING
98.999878	0.019	0.005	47.609375	WAIT
99.505070	0.018	0.003	46.5859375	WAIT
99.999959	0.017	0.002	46.0625	WAIT
100.510364	0.017	0.002	45.7734375	WAIT
100.999892	0.002	0.000	45.296875	WAIT
101.505061	0.002	0.000	45.015625	WAIT
101.999879	0.001	0.000	44.5703125	WAIT
102.999976	15.092	20.552	44.3046875	EXPOSING
103.505001	15.092	20.597	44.625	EXPOSING
103.999871	15.092	20.616	45.0859375	EXPOSING
104.504701	15.094	20.630	45.40625	EXPOSING
104.999965	15.093	20.639	45.65625	EXPOSING
105.505036	15.093	20.651	46.0625	EXPOSING
105.999842	15.094	20.659	46.375	EXPOSING
106.504299	15.094	20.665	46.734375	EXPOSING
106.999814	15.093	20.672	46.9453125	EXPOSING
107.505069	15.094	20.677	47.296875	EXPOSING
107.999849	15.094	20.680	47.6484375	EXPOSING
108.501672	15.094	20.682	47.7890625	EXPOSING
108.999923	15.095	20.687	48.0390625	EXPOSING
109.500021	15.094	20.688	48.3359375	EXPOSING
109.999860	15.093	20.692	48.5859375	EXPOSING
110.505204	15.094	20.693	48.6875	EXPOSING
110.999842	15.094	20.696	49.0234375	EXPOSING
111.503359	15.093	20.699	49.1796875	EXPOSING
111.999833	15.093	20.699	49.65625	EXPOSING
112.999946	0.019	0.005	49.6875	WAIT
113.504121	0.018	0.003	48.671875	WAIT
113.999870	0.018	0.002	48.2109375	WAIT
114.505023	0.018	0.002	47.75	WAIT
114.999846	0.002	0.000	47.3984375	WAIT
115.500451	0.002	0.000	46.8359375	WAIT
115.999829	0.002	0.000	46.46875	WAIT
116.999961	15.091	20.588	46.25	EXPOSING
117.501649	15.093	20.609	46.5546875	EXPOSING
117.999822	15.093	20.622	47.03125	EXPOSING
118.504864	15.093	20.638	47.3125	EXPOSING
118.999834	15.094	20.651	47.609375	EXPOSING
119.505014	15.093	20.661	47.7734375	EXPOSING
119.999840	15.093	20.670	48.1953125	EXPOSING
120.502913	15.093	20.677	48.375	EXPOSING
120.999855	15.094	20.681	48.828125	EXPOSING
121.505044	15.094	20.686	49.09375	EXPOSING
121.999856	15.093	20.690	49.25	EXPOSING
122.503844	15.092	20.694	49.5859375	EXPOSING
122.999854	15.094	20.698	49.9375	EXPOSING
123.504997	15.094	20.700	50.21875	EXPOSING
123.999844	15.093	20.702	50.359375	EXPOSING
124.501433	15.094	20.703	50.78125	EXPOSING
124.999959	15.093	20.705	50.8359375	EXPOSING
125.505023	15.094	20.705	51.078125	EXPOSING
125.999875	15.094	20.709	51.34375	EXPOSING
126.999913	0.019	0.004	51.453125	WAIT
127.506035	0.018	0.003	50.46875	WAIT
127.999863	0.017	0.002	49.953125	WAIT
128.503950	0.017	0.001	49.40625	WAIT
128.999827	0.002	0.000	49.0234375	WAIT
129.505044	0.001	0.000	48.5859375	WAIT
130.008988	0.001	0.000	48.109375	WAIT
130.999847	15.091	20.570	47.84375	EXPOSING
131.505057	15.092	20.616	48.140625	EXPOSING
131.999918	15.093	20.633	48.4765625	EXPOSING
132.506578	15.093	20.647	48.703125	EXPOSING
132.999861	15.094	20.659	49.0390625	EXPOSING
133.501286	15.093	20.667	49.359375	EXPOSING
133.999835	15.094	20.671	49.8125	EXPOSING
134.500844	15.093	20.680	50.0234375	EXPOSING
134.999863	15.094	20.687	50.328125	EXPOSING
135.501472	15.094	20.691	50.5	EXPOSING
136.000240	15.094	20.696	50.9375	EXPOSING
136.505061	15.094	20.700	51.0625	EXPOSING
136.999907	15.094	20.702	51.203125	EXPOSING
137.505038	15.094	20.705	51.5546875	EXPOSING
137.999932	15.094	20.707	51.8515625	EXPOSING
138.502735	15.094	20.709	52.0078125	EXPOSING
138.999851	15.094	20.711	52.2578125	EXPOSING
139.502308	15.093	20.712	52.46875	EXPOSING
139.999859	15.094	20.713	52.75	EXPOSING
141.002744	0.019	0.005	52.9921875	WAIT
141.505019	0.018	0.002	51.921875	WAIT
141.999845	0.017	0.002	51.2890625	WAIT
142.505011	0.017	0.002	50.90625	WAIT
142.999860	0.002	0.000	50.4140625	WAIT
143.502796	0.002	0.000	50.0234375	WAIT
143.999900	0.002	0.000	49.4453125	WAIT
144.999862	15.092	20.593	49.109375	EXPOSING
145.501747	15.093	20.620	49.4453125	EXPOSING
145.999874	15.094	20.639	50.0078125	EXPOSING
146.505053	15.093	20.653	50.234375	EXPOSING
146.999869	15.093	20.666	50.5703125	EXPOSING
147.502971	15.093	20.675	50.7109375	EXPOSING
147.999812	15.094	20.684	51.1484375	EXPOSING
148.505039	15.093	20.689	51.359375	EXPOSING
148.999848	15.094	20.696	51.5859375	EXPOSING
149.500300	15.094	20.700	51.8515625	EXPOSING
149.999873	15.094	20.704	52.1328125	EXPOSING
150.505064	15.094	20.707	52.2890625	EXPOSING
150.999907	15.094	20.711	52.6953125	EXPOSING
151.505085	15.094	20.714	52.890625	EXPOSING
151.999958	15.094	20.716	53.1875	EXPOSING
152.502795	15.093	20.717	53.2890625	EXPOSING
152.999857	15.095	20.718	53.515625	EXPOSING
153.500670	15.094	20.720	53.796875	EXPOSING
153.999889	15.093	20.721	53.9765625	EXPOSING
154.999937	0.018	0.006	54.1796875	WAIT
155.503801	0.018	0.003	53.046875	WAIT
155.999873	0.018	0.002	52.59375	WAIT
156.684222	0.017	0.002	51.9921875	WAIT
156.999659	0.002	0.000	51.3828125	WAIT
157.503270	0.002	0.000	51.1484375	WAIT
157.999872	0.002	0.000	50.7109375	WAIT
158.999963	15.092	20.605	50.390625	EXPOSING
159.505097	15.092	20.631	50.75	EXPOSING
159.999892	15.093	20.644	51.1171875	EXPOSING
160.500324	15.094	20.659	51.21875	EXPOSING
160.999873	15.094	20.672	51.5703125	EXPOSING
161.504988	15.094	20.682	51.9921875	EXPOSING
161.999915	15.093	20.688	52.2578125	EXPOSING
162.504839	15.094	20.695	52.5	EXPOSING
162.999825	15.093	20.701	52.796875	EXPOSING
163.505109	15.094	20.705	53.1171875	EXPOSING
163.999853	15.094	20.709	53.34375	EXPOSING
164.502851	15.093	20.713	53.5703125	EXPOSING
164.999901	15.094	20.715	53.921875	EXPOSING
165.505009	15.094	20.717	53.9375	EXPOSING
165.999943	15.093	20.719	54.2578125	EXPOSING
166.505018	15.094	20.721	54.4453125	EXPOSING
166.999848	15.093	20.723	54.7421875	EXPOSING
167.503678	15.094	20.724	54.8671875	EXPOSING
167.999865	15.094	20.727	55.1484375	EXPOSING
168.999896	0.020	0.006	55.21875	WAIT
169.502979	0.018	0.003	54.3046875	WAIT
169.999848	0.018	0.002	53.65625	WAIT
170.505098	0.018	0.002	53.171875	WAIT
170.999869	0.001	0.000	52.7109375	WAIT
171.500902	0.001	0.000	52.2578125	WAIT
171.999991	0.002	0.000	51.8359375	WAIT
172.999946	15.092	20.592	51.5703125	EXPOSING
173.504999	15.093	20.633	51.609375	EXPOSING
173.999882	15.094	20.650	51.9921875	EXPOSING
174.502102	15.094	20.663	52.328125	EXPOSING
174.999845	15.093	20.675	52.65625	EXPOSING
175.502184	15.094	20.685	52.90625	EXPOSING
175.999931	15.094	20.693	53.2890625	EXPOSING
176.505044	15.094	20.699	53.46875	EXPOSING
176.999862	15.094	20.705	53.8359375	EXPOSING
177.503812	15.094	20.711	54.0625	EXPOSING
177.999829	15.094	20.714	54.21875	EXPOSING
178.505071	15.093	20.717	54.5859375	EXPOSING
178.999851	15.094	20.720	54.796875	EXPOSING
179.503155	15.094	20.722	54.9921875	EXPOSING
179.999911	15.094	20.725	55.3203125	EXPOSING
180.505053	15.094	20.726	55.53125	EXPOSING
180.999889	15.094	20.728	55.703125	EXPOSING
181.505081	15.094	20.729	55.796875	EXPOSING
181.999865	15.094	20.731	56.125	EXPOSING
182.999927	0.019	0.005	56.1953125	WAIT
183.505078	0.019	0.003	55.1796875	WAIT
183.999850	0.017	0.002	54.65625	WAIT
184.501386	0.017	0.002	54.2578125	WAIT
184.999807	0.002	0.000	53.6953125	WAIT
185.506944	0.002	0.000	53.2890625	WAIT
185.999853	0.001	0.000	52.8515625	WAIT
186.999925	15.091	20.605	52.3984375	EXPOSING
187.505062	15.093	20.635	52.7109375	EXPOSING
187.999857	15.093	20.654	53.171875	EXPOSING
188.502735	15.093	20.669	53.4140625	EXPOSING
188.999846	15.093	20.680	53.65625	EXPOSING
189.505027	15.093	20.691	54.0078125	EXPOSING
189.999970	15.094	20.698	54.2734375	EXPOSING
190.505016	15.093	20.705	54.5	EXPOSING
190.999862	15.093	20.708	54.8359375	EXPOSING
191.502144	15.094	20.715	55.09375	EXPOSING
191.999853	15.093	20.719	55.3359375	EXPOSING
192.505014	15.093	20.721	55.515625	EXPOSING
192.999848	15.093	20.724	55.8671875	EXPOSING
193.504930	15.093	20.725	55.984375	EXPOSING
193.999856	15.093	20.727	56.3359375	EXPOSING
194.505050	15.094	20.730	56.5078125	EXPOSING
194.999836	15.093	20.731	56.6640625	EXPOSING
195.501080	15.094	20.733	56.7890625	EXPOSING
195.999795	15.094	20.734	57.1328125	EXPOSING
196.999977	0.019	0.005	57.3671875	WAIT
197.502867	0.018	0.003	56.2109375	WAIT
197.999928	0.018	0.002	55.7734375	WAIT
198.506340	0.018	0.002	55.21875	WAIT
198.999923	0.001	0.000	54.8125	WAIT
199.505062	0.002	0.000	54.359375	WAIT
199.999913	0.002	0.000	53.8828125	WAIT
200.999925	15.093	20.624	53.4140625	EXPOSING
201.505047	15.093	20.647	53.8515625	EXPOSING
201.999862	15.093	20.661	54.1640625	EXPOSING
202.501389	15.092	20.675	54.53125	EXPOSING
202.999826	15.093	20.684	54.7421875	EXPOSING
203.505020	15.093	20.693	55.0625	EXPOSING
203.999871	15.093	20.702	55.375	EXPOSING
204.506431	15.093	20.708	55.5	EXPOSING
204.999899	15.094	20.714	55.7734375	EXPOSING
205.505047	15.093	20.718	56.015625	EXPOSING
205.999925	15.093	20.723	56.28125	EXPOSING
206.505066	15.094	20.725	56.5234375	EXPOSING
206.999902	15.093	20.729	56.6875	EXPOSING
207.502288	15.094	20.730	57.015625	EXPOSING
207.999842	15.094	20.732	57.3125	EXPOSING
208.505043	15.094	20.734	57.609375	EXPOSING
208.999859	15.093	20.736	57.78125	EXPOSING
209.500457	15.093	20.737	57.9921875	EXPOSING
209.999835	15.094	20.738	58.046875	EXPOSING
210.999960	0.020	0.005	58.234375	WAIT
211.511041	0.018	0.003	57.15625	WAIT
211.999825	0.017	0.002	56.5078125	WAIT
212.505055	0.017	0.002	55.984375	WAIT
212.999852	0.001	0.000	55.5703125	WAIT
213.506546	0.002	0.000	55.1484375	WAIT
213.999957	0.002	0.000	54.65625	WAIT
214.999902	15.092	20.596	54.2578125	EXPOSING
215.504076	15.092	20.639	54.53125	EXPOSING
215.999796	15.093	20.658	54.8828125	EXPOSING
216.505032	15.092	20.673	55.1640625	EXPOSING
216.999833	15.093	20.685	55.53125	EXPOSING
217.503637	15.093	20.696	55.7265625	EXPOSING
218.000606	15.093	20.703	55.984375	EXPOSING
218.505054	15.094	20.707	56.15625	EXPOSING
218.999933	15.094	20.711	56.421875	EXPOSING
219.505019	15.096	20.716	56.734375	EXPOSING
219.999874	15.094	20.720	56.9140625	EXPOSING
220.500170	15.095	20.725	57.2578125	EXPOSING
220.999879	15.094	20.727	57.5703125	EXPOSING
221.501306	15.094	20.728	57.8359375	EXPOSING
221.999864	15.095	20.731	58.046875	EXPOSING
222.505050	15.094	20.733	58.2890625	EXPOSING
222.999836	15.093	20.734	58.546875	EXPOSING
223.501919	15.095	20.735	58.65625	EXPOSING
223.999853	15.094	20.737	58.703125	EXPOSING
224.999860	0.020	0.007	59.0390625	WAIT
225.504667	0.018	0.003	57.921875	WAIT
225.999633	0.018	0.002	57.0	WAIT
226.503839	0.018	0.002	56.9140625	WAIT
226.999910	0.002	0.000	56.3671875	WAIT
227.504119	0.002	0.000	55.8828125	WAIT
227.999889	0.002	0.000	55.5703125	WAIT
228.999888	15.092	20.627	54.921875	EXPOSING
229.505004	15.093	20.651	55.3203125	EXPOSING
229.999864	15.093	20.664	55.6015625	EXPOSING
230.505088	15.094	20.678	55.953125	EXPOSING
230.999835	15.093	20.690	56.2265625	EXPOSING
231.501039	15.093	20.697	56.578125	EXPOSING
231.999844	15.094	20.706	56.9140625	EXPOSING
232.505055	15.094	20.712	57.0546875	EXPOSING
232.999857	15.094	20.717	57.3984375	EXPOSING
233.504370	15.094	20.723	57.6640625	EXPOSING
233.999901	15.094	20.726	58.0234375	EXPOSING
234.505060	15.094	20.729	58.1484375	EXPOSING
234.999860	15.094	20.731	58.3046875	EXPOSING
235.500446	15.094	20.734	58.6171875	EXPOSING
235.999822	15.095	20.737	58.84375	EXPOSING
236.502169	15.094	20.738	58.984375	EXPOSING
236.999810	15.094	20.740	59.2265625	EXPOSING
237.505036	15.094	20.741	59.296875	EXPOSING
237.999855	15.094	20.741	59.625	EXPOSING
238.999940	0.020	0.005	59.765625	WAIT
239.505011	0.019	0.003	58.859375	WAIT
239.999921	0.018	0.002	58.1328125	WAIT
240.505030	0.017	0.002	57.78125	WAIT
240.999857	0.002	0.000	57.2578125	WAIT
241.521495	0.002	0.000	56.7890625	WAIT
241.999904	0.002	0.000	56.1796875	WAIT
242.999915	15.092	20.626	55.8125	EXPOSING
243.500023	15.092	20.652	56.0546875	EXPOSING
243.999808	15.094	20.668	56.3828125	EXPOSING
244.505032	15.094	20.678	56.8046875	EXPOSING
244.999840	15.094	20.691	57.0625	EXPOSING
245.505031	15.095	20.700	57.34375	EXPOSING
245.999869	15.094	20.706	57.5546875	EXPOSING
246.512183	15.093	20.712	57.734375	EXPOSING
247.000174	15.094	20.718	58.1640625	EXPOSING
247.505037	15.094	20.722	58.4609375	EXPOSING
247.999884	15.094	20.726	58.5625	EXPOSING
248.505055	15.094	20.729	58.9140625	EXPOSING
248.999927	15.094	20.732	58.9140625	EXPOSING
249.501580	15.094	20.733	59.328125	EXPOSING
249.999797	15.094	20.735	59.5703125	EXPOSING
250.503896	15.095	20.737	59.6796875	EXPOSING
250.999826	15.095	20.738	59.90625	EXPOSING
251.505002	15.095	20.740	60.21875	EXPOSING
251.999857	15.094	20.741	60.4453125	EXPOSING
253.000735	0.019	0.005	60.515625	WAIT
253.505039	0.018	0.003	59.328125	WAIT
253.999937	0.018	0.002	58.8984375	WAIT
254.505054	0.017	0.002	58.3359375	WAIT
254.999908	0.001	0.000	57.8828125	WAIT
255.500229	0.001	0.000	57.3125	WAIT
255.999859	0.002	0.000	56.8203125	WAIT
256.999932	15.092	20.620	56.421875	EXPOSING
257.502191	15.093	20.650	56.578125	EXPOSING
257.999816	15.093	20.667	56.9609375	EXPOSING
258.505109	15.094	20.682	57.3828125	EXPOSING
258.999848	15.094	20.691	57.7109375	EXPOSING
259.505785	15.093	20.702	57.953125	EXPOSING
260.000001	15.094	20.710	58.265625	EXPOSING
260.505056	15.094	20.717	58.5	EXPOSING
261.000053	15.094	20.722	58.7578125	EXPOSING
261.505054	15.094	20.727	58.96875	EXPOSING
261.999922	15.093	20.729	59.2421875	EXPOSING
262.504370	15.094	20.733	59.4375	EXPOSING
262.999856	15.094	20.736	59.75	EXPOSING
263.505001	15.093	20.737	59.8515625	EXPOSING
263.999929	15.093	20.740	60.046875	EXPOSING
264.503120	15.093	20.742	60.3515625	EXPOSING
264.999814	15.094	20.743	60.5859375	EXPOSING
265.505001	15.094	20.744	60.828125	EXPOSING
265.999895	15.094	20.747	60.984375	EXPOSING
266.999945	0.019	0.005	61.15625	WAIT
267.505060	0.018	0.003	59.921875	WAIT
267.999883	0.018	0.002	59.3828125	WAIT
268.510132	0.018	0.002	58.9296875	WAIT
268.999910	0.002	0.000	58.4609375	WAIT
269.505021	0.002	0.000	58.09375	WAIT
269.999934	0.001	0.000	57.640625	WAIT
270.999940	15.091	20.631	57.1015625	EXPOSING
271.505014	15.093	20.656	57.328125	EXPOSING
271.999853	15.093	20.665	57.78125	EXPOSING
272.504218	15.094	20.681	58.09375	EXPOSING
272.999862	15.094	20.693	58.265625	EXPOSING
273.505032	15.095	20.702	58.5625	EXPOSING
273.999944	15.094	20.711	58.8984375	EXPOSING
274.502874	15.094	20.719	59.0703125	EXPOSING
274.999888	15.094	20.723	59.421875	EXPOSING
275.505041	15.094	20.728	59.5703125	EXPOSING
275.999846	15.094	20.733	59.890625	EXPOSING
276.504217	15.095	20.735	60.0625	EXPOSING
276.999813	15.095	20.738	60.40625	EXPOSING
277.501789	15.095	20.740	60.4765625	EXPOSING
277.999880	15.094	20.741	60.84375	EXPOSING
278.505071	15.093	20.743	61.0	EXPOSING
278.999861	15.093	20.745	61.296875	EXPOSING
279.501673	15.094	20.746	61.4453125	EXPOSING
279.999992	15.094	20.748	61.640625	EXPOSING
280.999953	0.020	0.005	61.828125	WAIT
281.505072	0.019	0.004	60.6171875	WAIT
281.999934	0.018	0.002	60.0234375	WAIT
282.501121	0.018	0.002	59.5625	WAIT
282.999847	0.002	0.000	59.0703125	WAIT
283.504225	0.002	0.000	58.6328125	WAIT
283.999820	0.002	0.000	57.9765625	WAIT
284.999935	15.092	20.627	57.765625	EXPOSING
285.653288	15.093	20.660	58.078125	EXPOSING
285.999677	15.094	20.673	58.5	EXPOSING
286.506892	15.093	20.687	58.6328125	EXPOSING
287.000035	15.093	20.699	58.84375	EXPOSING
287.506014	15.094	20.709	59.140625	EXPOSING
287.999924	15.094	20.712	59.5078125	EXPOSING
288.505135	15.094	20.719	59.6640625	EXPOSING
288.999864	15.095	20.724	59.9375	EXPOSING
289.502425	15.094	20.729	60.2734375	EXPOSING
289.999852	15.094	20.733	60.4765625	EXPOSING
290.505027	15.094	20.737	60.6484375	EXPOSING
290.999859	15.094	20.740	60.984375	EXPOSING
291.501685	15.093	20.741	61.140625	EXPOSING
291.999820	15.093	20.744	61.5	EXPOSING
292.505071	15.093	20.745	61.65625	EXPOSING
292.999863	15.094	20.747	61.78125	EXPOSING
293.502226	15.094	20.748	62.0390625	EXPOSING
293.999822	15.094	20.748	62.25	EXPOSING
294.999944	0.019	0.005	62.3203125	WAIT
295.500550	0.018	0.003	61.1875	WAIT
295.999828	0.018	0.003	60.5859375	WAIT
296.505214	0.018	0.002	60.203125	WAIT
296.999844	0.000	0.000	59.5703125	WAIT
297.500357	0.002	0.000	59.1953125	WAIT
297.999866	0.001	0.000	58.703125	WAIT
298.999904	15.092	20.610	58.3359375	EXPOSING
299.505070	15.093	20.652	58.4765625	EXPOSING
299.999847	15.093	20.670	58.8984375	EXPOSING
300.504677	15.093	20.684	59.0859375	EXPOSING
300.999823	15.092	20.694	59.421875	EXPOSING
301.500244	15.094	20.705	59.6796875	EXPOSING
301.999873	15.094	20.711	59.890625	EXPOSING
302.502916	15.094	20.719	60.234375	EXPOSING
302.999843	15.093	20.724	60.4921875	EXPOSING
303.505058	15.094	20.729	60.71875	EXPOSING
303.999841	15.094	20.731	60.96875	EXPOSING
304.503354	15.093	20.735	61.140625	EXPOSING
304.999796	15.094	20.738	61.5390625	EXPOSING
305.502169	15.094	20.741	61.625	EXPOSING
305.999856	15.094	20.743	61.96875	EXPOSING
306.503450	15.094	20.745	62.1953125	EXPOSING
306.999859	15.094	20.747	62.3671875	EXPOSING
307.500706	15.094	20.748	62.5078125	EXPOSING
307.999856	15.094	20.749	62.6953125	EXPOSING
308.999935	0.019	0.005	62.8671875	WAIT
309.505011	0.018	0.003	61.8125	WAIT
309.999860	0.018	0.002	61.140625	WAIT
310.505542	0.017	0.002	60.703125	WAIT
310.999798	0.002	0.000	59.9921875	WAIT
311.505068	0.002	0.000	59.640625	WAIT
311.999852	0.001	0.000	59.15625	WAIT
312.999911	15.091	20.636	58.84375	EXPOSING
313.501490	15.093	20.659	58.96875	EXPOSING
313.999904	15.094	20.672	59.2421875	EXPOSING
314.501940	15.094	20.683	59.609375	EXPOSING
314.999868	15.093	20.640	59.8359375	EXPOSING
315.508845	15.093	20.704	60.3515625	EXPOSING
315.999869	15.093	20.714	60.515625	EXPOSING
316.502663	15.093	20.720	60.703125	EXPOSING
316.999841	15.094	20.727	61.0859375	EXPOSING
317.505070	15.093	20.731	61.34375	EXPOSING
317.999850	15.093	20.734	61.5703125	EXPOSING
318.502333	15.094	20.738	61.7265625	EXPOSING
318.999967	15.094	20.741	62.0234375	EXPOSING
319.505015	15.094	20.743	62.3203125	EXPOSING
319.999833	15.094	20.745	62.3515625	EXPOSING
320.499815	15.094	20.747	62.6640625	EXPOSING
320.999868	15.095	20.750	62.78125	EXPOSING
321.505066	15.094	20.749	63.078125	EXPOSING
321.999961	15.094	20.749	63.265625	EXPOSING
322.999963	0.019	0.005	63.3359375	WAIT
323.504063	0.018	0.003	62.28125	WAIT
323.999800	0.018	0.002	61.5390625	WAIT
324.505069	0.017	0.002	61.171875	WAIT
324.999861	0.002	0.000	60.53125	WAIT
325.524064	0.002	0.000	60.203125	WAIT
326.000556	0.002	0.000	59.5703125	WAIT
327.000033	15.092	20.637	59.15625	EXPOSING
327.505040	15.092	20.661	59.5625	EXPOSING
327.999880	15.093	20.673	59.8515625	EXPOSING
328.499973	15.094	20.689	60.1875	EXPOSING
328.999834	15.094	20.701	60.390625	EXPOSING
329.505030	15.093	20.710	60.734375	EXPOSING
329.999858	15.094	20.717	61.03125	EXPOSING
330.513415	15.094	20.724	61.34375	EXPOSING
330.999790	15.094	20.727	61.609375	EXPOSING
331.505014	15.093	20.731	61.78125	EXPOSING
331.999841	15.093	20.736	62.0234375	EXPOSING
332.502691	15.093	20.739	62.2109375	EXPOSING
332.999849	15.094	20.742	62.4921875	EXPOSING
333.505075	15.093	20.743	62.765625	EXPOSING
333.999823	15.094	20.745	62.9609375	EXPOSING
334.504514	15.094	20.747	63.21875	EXPOSING
334.999835	15.093	20.750	63.375	EXPOSING
335.505091	15.093	20.752	63.453125	EXPOSING
335.999868	15.093	20.751	63.734375	EXPOSING
336.999962	0.019	0.004	63.90625	WAIT
337.505080	0.018	0.003	62.75	WAIT
337.999814	0.017	0.002	62.125	WAIT
338.500833	0.018	0.001	61.8984375	WAIT
338.999842	0.001	0.000	61.1015625	WAIT
339.499991	0.002	0.000	60.7734375	WAIT
339.999964	0.001	0.000	60.1640625	WAIT
341.501878	0.017	0.002	59.8359375	WAIT
343.000011	0.018	0.002	58.5625	WAIT
344.505158	0.018	0.003	57.6640625	WAIT
346.000002	0.018	0.002	56.6875	WAIT
347.504455	0.018	0.002	55.9140625	WAIT
348.999793	0.018	0.003	55.1328125	WAIT
350.505157	0.018	0.002	54.515625	WAIT
351.999910	0.018	0.002	53.8125	WAIT
353.507834	0.017	0.002	53.328125	WAIT
355.000027	0.017	0.001	52.8515625	WAIT
356.504344	0.017	0.002	52.0625	WAIT
357.999942	0.018	0.002	51.65625	WAIT
359.500189	0.017	0.002	51.203125	WAIT
360.999952	0.017	0.002	50.65625	WAIT
362.502096	0.018	0.002	50.34375	WAIT
363.999945	0.018	0.002	49.921875	WAIT
365.505110	0.017	0.002	49.5	WAIT
367.000010	0.017	0.002	49.1484375	WAIT
368.500269	0.018	0.002	48.84375	WAIT
369.999975	0.018	0.002	48.4765625	WAIT
371.505154	0.018	0.002	48.0859375	WAIT
372.999995	0.018	0.002	47.875	WAIT
374.504668	0.018	0.002	47.59375	WAIT
376.000007	0.018	0.002	47.46875	WAIT
377.500082	0.017	0.003	47.1015625	WAIT
378.999931	0.018	0.002	46.9609375	WAIT
380.505131	0.018	0.002	46.6796875	WAIT
381.999958	0.018	0.003	46.5546875	WAIT
383.500567	0.018	0.003	46.21875	WAIT
384.999912	0.018	0.002	45.9140625	WAIT
386.522238	0.018	0.002	45.703125	WAIT
387.999881	0.018	0.002	45.5625	WAIT
389.505068	0.017	0.002	45.3203125	WAIT
391.000091	0.018	0.002	45.0859375	WAIT
392.504706	0.018	0.003	44.859375	WAIT
393.999863	0.018	0.003	44.890625	WAIT
395.505189	0.018	0.002	44.6953125	WAIT
396.999985	0.018	0.002	44.5546875	WAIT
398.503937	0.018	0.002	44.34375	WAIT
399.999942	0.018	0.002	44.078125	WAIT
401.505134	0.018	0.002	43.828125	WAIT
402.999951	0.018	0.001	43.671875	WAIT
404.502204	0.018	0.002	43.6015625	WAIT
405.999947	0.017	0.002	43.421875	WAIT
407.506864	0.018	0.002	43.296875	WAIT
408.999980	0.018	0.001	43.2265625	WAIT
410.501764	0.018	0.003	43.0859375	WAIT
411.999954	0.018	0.002	42.78125	WAIT
413.500204	0.018	0.003	42.734375	WAIT
414.999899	0.018	0.002	42.75	WAIT
416.683723	0.018	0.002	42.4140625	WAIT
417.999833	0.018	0.003	42.390625	WAIT
419.504142	0.018	0.002	42.1875	WAIT
420.999886	0.018	0.002	42.1171875	WAIT
422.505846	0.017	0.002	42.046875	WAIT
423.999941	0.018	0.003	41.921875	WAIT
425.505203	0.018	0.002	41.796875	WAIT
426.999966	0.018	0.002	41.7109375	WAIT
428.504806	0.018	0.002	41.6171875	WAIT
429.999866	0.018	0.002	41.546875	WAIT
431.505148	0.018	0.002	41.3359375	WAIT
433.000093	0.017	0.002	41.265625	WAIT
434.504590	0.018	0.002	41.25	WAIT
435.999938	0.018	0.002	40.984375	WAIT
437.505088	0.018	0.002	40.8359375	WAIT
438.999978	0.018	0.002	40.78125	WAIT
440.506995	0.018	0.002	40.6953125	WAIT
441.999969	0.018	0.002	40.65625	WAIT
443.502652	0.018	0.002	40.4765625	WAIT
444.999987	0.018	0.002	40.359375	WAIT
446.505015	0.018	0.002	40.3046875	WAIT
447.999973	0.018	0.002	40.3359375	WAIT
449.505129	0.018	0.002	40.109375	WAIT
450.999957	0.018	0.002	40.140625	WAIT
452.505235	0.018	0.002	40.140625	WAIT
453.999910	0.018	0.002	40.015625	WAIT
455.504894	0.018	0.002	40.0	WAIT
456.999949	0.018	0.002	39.8203125	WAIT
458.505174	0.018	0.002	39.8203125	WAIT
459.999925	0.018	0.003	39.5390625	WAIT
461.505187	0.018	0.002	39.5	WAIT
462.999929	0.018	0.002	39.375	WAIT
464.502787	0.018	0.002	39.265625	WAIT
465.999985	0.018	0.002	39.359375	WAIT
467.505110	0.018	0.002	39.234375	WAIT
468.999986	0.018	0.002	39.140625	WAIT
470.503857	0.018	0.002	38.9453125	WAIT
471.999964	0.018	0.002	38.9296875	WAIT
473.507371	0.018	0.002	39.125	WAIT
474.999969	0.017	0.002	38.90625	WAIT
476.501683	0.018	0.003	38.875	WAIT
477.999811	0.018	0.002	38.765625	WAIT
479.504481	0.018	0.002	38.640625	WAIT
480.999892	0.018	0.002	38.4296875	WAIT
482.505153	0.018	0.003	38.390625	WAIT
483.999893	0.018	0.002	38.265625	WAIT
485.501472	0.018	0.002	38.140625	WAIT
486.999952	0.018	0.003	38.0859375	WAIT
488.509966	0.019	0.003	38.0703125	WAIT
489.999861	0.018	0.003	38.140625	WAIT
491.510557	0.018	0.002	38.0859375	WAIT
493.000020	0.017	0.002	37.8359375	WAIT
494.505190	0.018	0.002	37.8359375	WAIT
495.999952	0.018	0.002	37.5859375	WAIT
497.501392	0.018	0.002	37.515625	WAIT
498.999968	0.018	0.002	37.5859375	WAIT
500.500798	0.018	0.002	37.4453125	WAIT
501.999860	0.018	0.002	37.5546875	WAIT
503.505158	0.019	0.002	37.421875	WAIT
504.999943	0.018	0.002	37.359375	WAIT
506.504390	0.018	0.002	37.25	WAIT
507.999940	0.018	0.002	37.171875	WAIT
509.505493	0.017	0.002	37.0859375	WAIT
510.999965	0.018	0.002	36.9453125	WAIT
512.502091	0.018	0.002	36.8671875	WAIT
513.999841	0.018	0.002	36.8671875	WAIT
515.505173	0.018	0.002	36.78125	WAIT
516.999995	0.017	0.002	36.8359375	WAIT
518.500593	0.017	0.002	36.65625	WAIT
519.999935	0.017	0.002	36.6171875	WAIT
521.505109	0.017	0.002	36.6171875	WAIT
522.999946	0.018	0.002	36.53125	WAIT
524.501490	0.018	0.002	36.640625	WAIT
525.999866	0.018	0.003	36.390625	WAIT
527.505121	0.017	0.002	36.515625	WAIT
529.000059	0.017	0.002	36.515625	WAIT
530.501978	0.018	0.002	36.3671875	WAIT
531.999963	0.018	0.002	36.2265625	WAIT
533.502515	0.017	0.002	36.15625	WAIT
534.999989	0.017	0.001	36.2578125	WAIT
536.503011	0.018	0.002	36.078125	WAIT
537.999997	0.018	0.001	36.078125	WAIT
539.505105	0.017	0.002	36.0625	WAIT
