#Resonance Frequency: 404000.000 kHz
#Set Current: 6.34 A
Time [s]	Current [A]	Voltage [V]	T0 [degC]	State
0.000031	0.002	0.000	24.875	BEFORE
0.500186	0.001	0.000	24.796875	BEFORE
1.000038	0.001	0.000	24.9609375	BEFORE
1.500544	0.001	0.000	24.8515625	BEFORE
2.000102	0.002	0.000	24.8359375	BEFORE
2.500183	0.001	0.000	24.8203125	BEFORE
3.000184	0.002	0.000	24.9140625	BEFORE
3.500162	0.002	0.000	24.9453125	BEFORE
4.000169	0.001	0.000	24.7265625	BEFORE
4.500578	0.001	0.000	24.7265625	BEFORE
5.000059	0.001	0.000	24.765625	BEFORE
5.500251	0.002	0.000	24.875	BEFORE
6.000095	0.001	0.000	24.8515625	BEFORE
6.502471	0.002	0.000	24.78125	BEFORE
7.000183	0.001	0.000	24.78125	BEFORE
7.500256	0.002	0.000	24.6875	BEFORE
8.004269	0.002	0.000	24.6875	BEFORE
8.500195	0.001	0.000	24.7109375	BEFORE
9.000196	0.001	0.000	24.6875	BEFORE
9.500243	0.002	0.000	24.765625	BEFORE
10.000194	0.001	0.000	24.6171875	BEFORE
10.505397	0.002	0.000	24.6171875	BEFORE
11.000161	0.002	0.000	24.578125	BEFORE
11.500258	0.001	0.000	24.7109375	BEFORE
12.000816	0.002	0.000	24.6171875	BEFORE
12.501085	0.001	0.000	24.671875	BEFORE
13.000043	0.001	0.000	24.7109375	BEFORE
13.500189	0.001	0.000	24.5625	BEFORE
13.999954	0.001	0.000	24.65625	BEFORE
14.500184	0.002	0.000	24.7109375	BEFORE
15.000044	0.002	0.000	24.671875	BEFORE
15.500187	0.002	0.000	24.578125	BEFORE
16.000090	0.002	0.000	24.5078125	BEFORE
16.500184	0.002	0.000	24.6015625	BEFORE
17.000205	0.001	0.000	24.546875	BEFORE
17.500703	0.002	0.000	24.6015625	BEFORE
18.000033	0.001	0.000	24.578125	BEFORE
18.500226	0.002	0.000	24.546875	BEFORE
18.999900	0.002	0.000	24.6171875	BEFORE
19.500199	0.002	0.000	24.46875	BEFORE
20.000015	0.002	0.000	24.6015625	BEFORE
20.500188	0.002	0.000	24.5625	BEFORE
21.000005	0.001	0.000	24.5078125	BEFORE
21.500182	0.002	0.000	24.6171875	BEFORE
22.000066	0.001	0.000	24.46875	BEFORE
22.500197	0.001	0.000	24.6328125	BEFORE
23.000032	0.002	0.000	24.453125	BEFORE
23.500336	0.002	0.000	24.46875	BEFORE
24.000148	0.001	0.000	24.4921875	BEFORE
24.500276	0.002	0.000	24.453125	BEFORE
25.000130	0.001	0.000	24.5234375	BEFORE
25.500220	0.002	0.000	24.5234375	BEFORE
26.000001	0.002	0.000	24.3828125	BEFORE
26.500201	0.002	0.000	24.4921875	BEFORE
26.999986	0.002	0.000	24.546875	BEFORE
27.500190	0.002	0.000	24.4140625	BEFORE
28.000148	0.002	0.000	24.359375	BEFORE
28.500200	0.002	0.000	24.6328125	BEFORE
29.000010	0.002	0.000	24.5078125	BEFORE
29.500191	0.002	0.000	24.359375	BEFORE
29.999993	0.001	0.000	24.3984375	BEFORE
30.500183	0.001	0.000	24.359375	BEFORE
31.000209	0.001	0.000	24.3046875	BEFORE
31.500194	0.002	0.000	24.3984375	BEFORE
31.999992	0.002	0.000	24.34375	BEFORE
32.500220	0.001	0.000	24.359375	BEFORE
33.000045	0.001	0.000	24.34375	BEFORE
33.500202	0.002	0.000	24.3828125	BEFORE
33.999963	0.002	0.000	24.3046875	BEFORE
34.500186	0.002	0.000	24.4375	BEFORE
35.000047	0.002	0.000	24.3984375	BEFORE
35.500206	0.001	0.000	24.25	BEFORE
35.999998	0.002	0.000	24.359375	BEFORE
36.500473	0.002	0.000	24.234375	BEFORE
37.000180	0.002	0.000	24.3046875	BEFORE
37.500473	0.002	0.000	24.1796875	BEFORE
37.999982	0.002	0.000	24.2890625	BEFORE
38.500239	0.002	0.000	24.3046875	BEFORE
39.001729	0.002	0.000	24.34375	BEFORE
39.500257	0.002	0.000	24.34375	BEFORE
40.000062	0.001	0.000	24.3046875	BEFORE
40.500213	0.001	0.000	24.328125	BEFORE
41.000013	0.002	0.000	24.2734375	BEFORE
41.500189	0.001	0.000	24.25	BEFORE
42.002096	0.002	0.000	24.21875	BEFORE
42.500168	0.001	0.000	24.3828125	BEFORE
42.999984	0.001	0.000	24.15625	BEFORE
43.505370	0.001	0.000	24.234375	BEFORE
44.000036	0.001	0.000	24.234375	BEFORE
44.500246	0.002	0.000	24.2734375	BEFORE
45.000170	0.001	0.000	24.25	BEFORE
45.500248	0.001	0.000	24.25	BEFORE
46.000033	0.001	0.000	24.1953125	BEFORE
46.500189	0.001	0.000	24.1796875	BEFORE
47.000032	0.001	0.000	24.109375	BEFORE
47.500186	0.001	0.000	24.0703125	BEFORE
48.000011	0.001	0.000	24.21875	BEFORE
48.501350	0.001	0.000	24.21875	BEFORE
49.000071	0.001	0.000	24.15625	BEFORE
49.500195	0.001	0.000	24.15625	BEFORE
50.000016	0.001	0.000	24.1796875	BEFORE
50.500194	0.001	0.000	24.15625	BEFORE
50.999977	0.001	0.000	24.0859375	BEFORE
51.505872	0.001	0.000	24.1953125	BEFORE
51.999971	0.001	0.000	24.109375	BEFORE
52.500248	0.002	0.000	24.125	BEFORE
53.000365	0.001	0.000	24.125	BEFORE
53.500196	0.001	0.000	24.0859375	BEFORE
54.000034	0.002	0.000	24.0546875	BEFORE
54.500195	0.001	0.000	24.109375	BEFORE
55.000064	0.001	0.000	24.21875	BEFORE
55.500200	0.001	0.000	24.109375	BEFORE
56.000037	0.002	0.000	24.140625	BEFORE
56.500180	0.001	0.000	24.109375	BEFORE
56.999996	0.001	0.000	24.0703125	BEFORE
57.500280	0.002	0.000	24.1796875	BEFORE
57.999921	0.001	0.000	24.109375	BEFORE
58.505331	0.001	0.000	24.0	BEFORE
59.000052	0.001	0.000	24.109375	BEFORE
59.500254	0.001	0.000	24.0859375	BEFORE
59.999981	0.001	0.000	24.21875	BEFORE
61.000267	6.334	12.522	24.0859375	EXPOSING
61.500220	6.334	12.526	24.796875	EXPOSING
62.000022	6.334	12.530	25.1796875	EXPOSING
62.500208	6.334	12.533	25.2421875	EXPOSING
63.000005	6.335	12.535	25.4765625	EXPOSING
63.500209	6.334	12.536	25.4921875	EXPOSING
64.000033	6.334	12.540	25.6953125	EXPOSING
64.500182	6.333	12.540	25.7109375	EXPOSING
65.000025	6.334	12.542	25.96875	EXPOSING
65.500500	6.334	12.542	25.9140625	EXPOSING
66.000025	6.335	12.543	26.1328125	EXPOSING
66.500243	6.334	12.544	26.109375	EXPOSING
66.999969	6.334	12.545	26.1328125	EXPOSING
67.500241	6.335	12.546	26.1640625	EXPOSING
68.000023	6.335	12.546	26.3515625	EXPOSING
68.500180	6.335	12.547	26.4375	EXPOSING
69.000046	6.334	12.547	26.4765625	EXPOSING
69.504485	6.334	12.547	26.4375	EXPOSING
70.000081	6.334	12.548	26.4921875	EXPOSING
71.000267	0.055	0.004	26.5859375	WAIT
71.500177	0.002	0.000	25.9296875	WAIT
72.000112	0.002	0.000	25.4921875	WAIT
72.502353	0.002	0.000	25.5703125	WAIT
73.000174	0.001	0.000	25.421875	WAIT
73.500260	0.002	0.000	25.453125	WAIT
74.000116	0.002	0.000	25.421875	WAIT
75.000274	6.334	12.531	25.1640625	EXPOSING
75.505208	6.334	12.537	25.890625	EXPOSING
76.000032	6.335	12.539	26.203125	EXPOSING
76.500194	6.335	12.541	26.2421875	EXPOSING
77.000061	6.334	12.542	26.421875	EXPOSING
77.500176	6.334	12.545	26.625	EXPOSING
78.000164	6.335	12.545	26.5859375	EXPOSING
78.500564	6.335	12.548	26.53125	EXPOSING
79.000123	6.335	12.548	26.734375	EXPOSING
79.500180	6.335	12.548	26.875	EXPOSING
80.000189	6.335	12.549	26.96875	EXPOSING
80.500253	6.335	12.550	26.8203125	EXPOSING
81.000143	6.335	12.550	26.9296875	EXPOSING
81.500216	6.334	12.550	27.09375	EXPOSING
82.000195	6.335	12.552	27.078125	EXPOSING
82.500184	6.335	12.551	27.1171875	EXPOSING
83.000114	6.335	12.552	27.2421875	EXPOSING
83.500180	6.334	12.552	27.1640625	EXPOSING
84.500032	0.056	0.011	27.1328125	WAIT
85.000060	0.054	0.004	26.3671875	WAIT
85.500221	0.002	0.000	26.3125	WAIT
86.000046	0.002	0.000	26.1328125	WAIT
86.500209	0.001	0.000	25.96875	WAIT
86.999975	0.002	0.000	25.8359375	WAIT
87.500245	0.001	0.000	25.875	WAIT
88.000055	0.002	0.000	25.765625	WAIT
89.000258	6.334	12.534	25.6796875	EXPOSING
89.500936	6.334	12.540	26.2421875	EXPOSING
90.000049	6.333	12.540	26.5703125	EXPOSING
90.500219	6.335	12.543	26.8046875	EXPOSING
91.000356	6.334	12.545	26.953125	EXPOSING
91.509311	6.335	12.546	26.984375	EXPOSING
92.000073	6.334	12.548	27.0390625	EXPOSING
92.500186	6.334	12.549	27.0234375	EXPOSING
93.000186	6.334	12.549	27.1328125	EXPOSING
93.500180	6.335	12.551	27.2578125	EXPOSING
94.000209	6.335	12.552	27.3125	EXPOSING
94.500185	6.334	12.552	27.296875	EXPOSING
95.000169	6.334	12.553	27.3515625	EXPOSING
95.500383	6.334	12.553	27.390625	EXPOSING
96.000037	6.334	12.553	27.4609375	EXPOSING
96.505388	6.334	12.553	27.4765625	EXPOSING
97.000165	6.334	12.553	27.625	EXPOSING
97.500232	6.334	12.554	27.5703125	EXPOSING
98.000055	6.334	12.555	27.53125	EXPOSING
99.000260	0.055	0.005	27.515625	WAIT
99.500241	0.002	0.000	26.6796875	WAIT
100.005252	0.002	0.000	26.546875	WAIT
100.500206	0.002	0.000	26.421875	WAIT
101.000008	0.001	0.000	26.390625	WAIT
101.500230	0.002	0.000	26.1484375	WAIT
102.000070	0.001	0.000	26.109375	WAIT
103.000264	6.334	12.537	26.1328125	EXPOSING
103.500272	6.334	12.541	26.625	EXPOSING
104.500277	6.333	12.546	27.078125	EXPOSING
105.000075	6.335	12.548	27.09375	EXPOSING
105.500189	6.334	12.548	27.2421875	EXPOSING
106.000157	6.335	12.550	27.390625	EXPOSING
106.500187	6.334	12.551	27.3359375	EXPOSING
107.000121	6.334	12.552	27.296875	EXPOSING
107.500258	6.335	12.553	27.5	EXPOSING
108.000088	6.334	12.554	27.546875	EXPOSING
108.505479	6.335	12.555	27.5	EXPOSING
109.000063	6.335	12.556	27.5703125	EXPOSING
109.500257	6.335	12.555	27.65625	EXPOSING
110.000173	6.335	12.555	27.6796875	EXPOSING
110.500188	6.334	12.555	27.640625	EXPOSING
111.000082	6.335	12.556	27.7890625	EXPOSING
111.500198	6.334	12.556	27.875	EXPOSING
112.000099	6.334	12.557	27.875	EXPOSING
113.000252	0.054	0.004	27.6953125	WAIT
113.504838	0.002	0.000	27.0390625	WAIT
114.000117	0.001	0.000	26.7734375	WAIT
114.500267	0.002	0.000	26.65625	WAIT
115.000053	0.002	0.000	26.515625	WAIT
115.500184	0.001	0.000	26.4375	WAIT
116.000171	0.001	0.000	26.3125	WAIT
117.000265	6.334	12.535	26.2734375	EXPOSING
117.500157	6.334	12.543	26.96875	EXPOSING
118.002373	6.333	12.545	27.09375	EXPOSING
118.500183	6.334	12.548	27.2265625	EXPOSING
119.000133	6.334	12.549	27.3359375	EXPOSING
119.500258	6.334	12.551	27.53125	EXPOSING
120.003119	6.334	12.551	27.5703125	EXPOSING
120.500189	6.334	12.553	27.546875	EXPOSING
121.000110	6.334	12.555	27.53125	EXPOSING
121.500216	6.335	12.554	27.71875	EXPOSING
122.000010	6.334	12.555	27.640625	EXPOSING
122.500215	6.334	12.557	27.734375	EXPOSING
123.000115	6.335	12.556	27.734375	EXPOSING
123.500355	6.334	12.556	27.953125	EXPOSING
123.999955	6.333	12.558	27.9140625	EXPOSING
124.500261	6.334	12.558	27.96875	EXPOSING
125.000106	6.334	12.558	27.875	EXPOSING
125.500374	6.334	12.558	28.0078125	EXPOSING
126.000330	6.335	12.559	27.96875	EXPOSING
127.000264	0.054	0.005	27.84375	WAIT
127.500220	0.002	0.000	27.078125	WAIT
128.000106	0.001	0.000	26.8984375	WAIT
128.500208	0.002	0.000	26.8203125	WAIT
129.000077	0.001	0.000	26.625	WAIT
129.500221	0.001	0.000	26.640625	WAIT
130.000092	0.001	0.000	26.546875	WAIT
131.000250	6.334	12.541	26.4375	EXPOSING
131.500203	6.334	12.545	27.1328125	EXPOSING
132.000185	6.334	12.548	27.3359375	EXPOSING
132.500191	6.334	12.549	27.4765625	EXPOSING
133.000013	6.334	12.550	27.53125	EXPOSING
133.500585	6.335	12.551	27.8046875	EXPOSING
134.000173	6.335	12.554	27.6796875	EXPOSING
134.500180	6.334	12.555	27.875	EXPOSING
135.000179	6.335	12.555	27.8046875	EXPOSING
135.500170	6.334	12.556	27.84375	EXPOSING
136.009691	6.335	12.557	27.8984375	EXPOSING
136.500181	6.335	12.558	27.953125	EXPOSING
137.000122	6.334	12.558	27.9140625	EXPOSING
137.500202	6.334	12.558	27.984375	EXPOSING
138.000043	6.334	12.558	28.0234375	EXPOSING
138.500257	6.334	12.559	28.0234375	EXPOSING
139.000109	6.335	12.559	28.171875	EXPOSING
139.500199	6.334	12.559	28.1328125	EXPOSING
140.001412	6.334	12.559	28.2578125	EXPOSING
141.000251	0.055	0.005	28.0078125	WAIT
141.500216	0.001	0.000	27.3125	WAIT
142.000124	0.001	0.000	27.2265625	WAIT
142.500257	0.001	0.000	26.984375	WAIT
143.000114	0.001	0.000	27.0078125	WAIT
143.500342	0.001	0.000	26.8203125	WAIT
144.000088	0.001	0.000	26.75	WAIT
145.000267	6.334	12.540	26.75	EXPOSING
145.500205	6.334	12.546	27.296875	EXPOSING
146.000073	6.334	12.549	27.390625	EXPOSING
146.500281	6.335	12.551	27.5703125	EXPOSING
147.000147	6.334	12.552	27.65625	EXPOSING
147.500183	6.335	12.554	27.7890625	EXPOSING
148.000122	6.334	12.555	27.8984375	EXPOSING
148.500262	6.334	12.556	27.8984375	EXPOSING
149.000113	6.334	12.557	27.9296875	EXPOSING
149.500249	6.334	12.557	27.96875	EXPOSING
150.000151	6.334	12.558	28.1171875	EXPOSING
150.500246	6.334	12.560	27.96875	EXPOSING
151.000166	6.334	12.559	28.0390625	EXPOSING
151.500212	6.335	12.560	28.1875	EXPOSING
152.000090	6.334	12.560	28.09375	EXPOSING
152.500256	6.334	12.561	28.2734375	EXPOSING
153.000076	6.334	12.560	28.2265625	EXPOSING
153.500209	6.335	12.560	28.2265625	EXPOSING
154.000120	6.335	12.562	28.2734375	EXPOSING
155.000250	0.055	0.005	28.2265625	WAIT
155.500279	0.002	0.000	27.421875	WAIT
156.000126	0.001	0.000	27.1328125	WAIT
156.500967	0.001	0.000	27.0625	WAIT
157.000122	0.001	0.000	26.9296875	WAIT
157.505332	0.001	0.000	26.875	WAIT
158.000127	0.001	0.000	26.7890625	WAIT
159.000269	6.333	12.540	26.640625	EXPOSING
159.500745	6.334	12.545	27.3671875	EXPOSING
160.000143	6.334	12.547	27.4609375	EXPOSING
160.500190	6.334	12.551	27.625	EXPOSING
161.000116	6.334	12.551	27.7734375	EXPOSING
161.500173	6.334	12.553	27.96875	EXPOSING
162.000067	6.334	12.555	27.9296875	EXPOSING
162.501508	6.334	12.555	27.984375	EXPOSING
163.000119	6.334	12.556	28.0078125	EXPOSING
163.500232	6.334	12.557	28.078125	EXPOSING
164.000087	6.334	12.558	28.1328125	EXPOSING
164.501325	6.334	12.558	28.0625	EXPOSING
165.000101	6.334	12.558	28.1484375	EXPOSING
165.500246	6.333	12.559	28.296875	EXPOSING
166.000033	6.334	12.560	28.296875	EXPOSING
166.500206	6.335	12.559	28.2734375	EXPOSING
167.000127	6.334	12.560	28.2578125	EXPOSING
167.500202	6.334	12.560	28.2265625	EXPOSING
168.005144	6.334	12.560	28.4453125	EXPOSING
169.000255	0.055	0.004	28.40625	WAIT
169.500229	0.001	0.000	27.6015625	WAIT
170.000059	0.002	0.000	27.2265625	WAIT
170.500196	0.001	0.000	27.1171875	WAIT
171.000041	0.001	0.000	27.0234375	WAIT
171.500227	0.001	0.000	26.953125	WAIT
172.000145	0.001	0.000	26.9140625	WAIT
173.005399	6.333	12.542	26.8046875	EXPOSING
173.500128	6.334	12.547	27.5	EXPOSING
174.000091	6.334	12.550	27.6953125	EXPOSING
174.500185	6.334	12.551	27.828125	EXPOSING
175.001019	6.334	12.553	27.6953125	EXPOSING
175.500222	6.335	12.554	28.1328125	EXPOSING
176.000123	6.335	12.556	28.1484375	EXPOSING
176.500250	6.335	12.557	27.984375	EXPOSING
177.000231	6.334	12.558	28.078125	EXPOSING
177.500217	6.334	12.559	28.171875	EXPOSING
178.000120	6.334	12.559	28.203125	EXPOSING
178.500214	6.335	12.560	28.2734375	EXPOSING
179.005254	6.335	12.560	28.296875	EXPOSING
179.500244	6.334	12.560	28.296875	EXPOSING
180.000152	6.334	12.561	28.4453125	EXPOSING
180.500185	6.334	12.561	28.4453125	EXPOSING
181.000052	6.334	12.561	28.53125	EXPOSING
181.500955	6.334	12.560	28.5546875	EXPOSING
182.000163	6.334	12.561	28.5	EXPOSING
183.000260	0.055	0.005	28.3515625	WAIT
183.500219	0.002	0.000	27.5859375	WAIT
184.000163	0.001	0.000	27.4609375	WAIT
184.500216	0.001	0.000	27.28125	WAIT
185.000129	0.001	0.000	27.1484375	WAIT
185.500190	0.001	0.000	27.0625	WAIT
186.000109	0.001	0.000	26.9140625	WAIT
187.000261	6.334	12.542	26.9140625	EXPOSING
187.500274	6.334	12.547	27.546875	EXPOSING
188.000105	6.334	12.550	27.875	EXPOSING
188.500209	6.334	12.552	27.84375	EXPOSING
189.005400	6.334	12.553	27.984375	EXPOSING
189.500219	6.335	12.555	28.078125	EXPOSING
190.000177	6.334	12.556	28.1171875	EXPOSING
190.500756	6.334	12.557	28.09375	EXPOSING
191.000071	6.334	12.556	28.203125	EXPOSING
191.505347	6.334	12.559	28.296875	EXPOSING
192.000111	6.335	12.559	28.3125	EXPOSING
192.500212	6.335	12.559	28.296875	EXPOSING
193.000030	6.334	12.561	28.4609375	EXPOSING
193.500210	6.334	12.561	28.4453125	EXPOSING
194.000095	6.334	12.561	28.3671875	EXPOSING
194.500209	6.334	12.561	28.515625	EXPOSING
195.005239	6.334	12.562	28.5	EXPOSING
195.500204	6.334	12.562	28.515625	EXPOSING
196.000130	6.334	12.561	28.625	EXPOSING
197.000250	0.055	0.005	28.5546875	WAIT
197.500197	0.002	0.000	27.71875	WAIT
198.000143	0.002	0.000	27.515625	WAIT
198.500274	0.001	0.000	27.421875	WAIT
199.000308	0.001	0.000	27.28125	WAIT
199.500209	0.001	0.000	27.1484375	WAIT
200.000036	0.001	0.000	27.078125	WAIT
201.000269	6.333	12.542	26.984375	EXPOSING
201.500180	6.334	12.547	27.5859375	EXPOSING
202.000075	6.334	12.549	27.9296875	EXPOSING
202.505304	6.334	12.552	27.96875	EXPOSING
203.000110	6.334	12.553	28.0234375	EXPOSING
203.500205	6.334	12.554	28.171875	EXPOSING
204.000153	6.334	12.556	28.2265625	EXPOSING
204.500264	6.334	12.558	28.2421875	EXPOSING
205.000105	6.335	12.558	28.2421875	EXPOSING
205.500241	6.335	12.559	28.3359375	EXPOSING
206.000142	6.334	12.560	28.53125	EXPOSING
206.500262	6.334	12.559	28.390625	EXPOSING
207.002947	6.334	12.561	28.5	EXPOSING
207.500219	6.334	12.560	28.4453125	EXPOSING
208.000119	6.334	12.562	28.5	EXPOSING
208.500196	6.334	12.561	28.5859375	EXPOSING
209.000179	6.334	12.561	28.6796875	EXPOSING
209.500183	6.334	12.562	28.6953125	EXPOSING
210.000123	6.335	12.563	28.515625	EXPOSING
211.000258	0.055	0.004	28.6796875	WAIT
211.500186	0.001	0.000	27.875	WAIT
212.002254	0.002	0.000	27.65625	WAIT
212.500186	0.001	0.000	27.5	WAIT
213.000113	0.001	0.000	27.3515625	WAIT
213.500192	0.001	0.000	27.1328125	WAIT
214.001853	0.001	0.000	27.1484375	WAIT
215.000253	6.334	12.542	27.0625	EXPOSING
215.500183	6.333	12.547	27.6953125	EXPOSING
216.000030	6.334	12.551	27.953125	EXPOSING
216.500215	6.334	12.552	28.0234375	EXPOSING
217.000190	6.334	12.553	28.1875	EXPOSING
217.500569	6.334	12.556	28.171875	EXPOSING
218.000172	6.334	12.555	28.296875	EXPOSING
218.500223	6.334	12.557	28.4453125	EXPOSING
219.000196	6.334	12.559	28.390625	EXPOSING
219.500202	6.334	12.559	28.3515625	EXPOSING
220.000106	6.334	12.559	28.4609375	EXPOSING
220.500250	6.334	12.560	28.5	EXPOSING
221.004930	6.334	12.561	28.53125	EXPOSING
221.500254	6.334	12.561	28.6015625	EXPOSING
222.000109	6.334	12.561	28.7109375	EXPOSING
222.500206	6.335	12.562	28.765625	EXPOSING
223.000134	6.335	12.562	28.6796875	EXPOSING
223.500201	6.334	12.563	28.7890625	EXPOSING
224.000183	6.334	12.563	28.765625	EXPOSING
225.000305	0.054	0.004	28.65625	WAIT
225.505353	0.002	0.000	27.828125	WAIT
226.000138	0.001	0.000	27.5859375	WAIT
226.500239	0.001	0.000	27.6015625	WAIT
227.000001	0.002	0.000	27.3515625	WAIT
227.500186	0.001	0.000	27.296875	WAIT
228.000141	0.001	0.000	27.1484375	WAIT
229.000525	6.334	12.542	27.1875	EXPOSING
229.500225	6.334	12.547	27.7890625	EXPOSING
230.000150	6.334	12.549	28.0390625	EXPOSING
230.500174	6.334	12.553	28.1171875	EXPOSING
231.000056	6.334	12.552	28.2578125	EXPOSING
231.501220	6.334	12.556	28.296875	EXPOSING
232.003046	6.334	12.556	28.390625	EXPOSING
232.500174	6.334	12.557	28.3671875	EXPOSING
233.000171	6.335	12.559	28.5859375	EXPOSING
233.501506	6.334	12.558	28.5	EXPOSING
234.000214	6.334	12.560	28.5703125	EXPOSING
234.500178	6.335	12.560	28.65625	EXPOSING
235.000126	6.334	12.562	28.6015625	EXPOSING
235.500184	6.334	12.561	28.75	EXPOSING
236.004858	6.334	12.560	28.75	EXPOSING
236.500356	6.334	12.561	28.8046875	EXPOSING
237.000160	6.334	12.563	28.7109375	EXPOSING
237.500206	6.334	12.563	28.7890625	EXPOSING
238.000093	6.333	12.562	28.765625	EXPOSING
239.000262	0.055	0.004	28.734375	WAIT
239.500258	0.002	0.000	27.8984375	WAIT
240.005249	0.001	0.000	27.6953125	WAIT
240.500248	0.001	0.000	27.546875	WAIT
241.000155	0.001	0.000	27.4453125	WAIT
241.500243	0.001	0.000	27.515625	WAIT
242.000085	0.001	0.000	27.3359375	WAIT
243.000262	6.333	12.543	27.1484375	EXPOSING
243.500186	6.334	12.547	27.828125	EXPOSING
244.000138	6.334	12.550	28.0078125	EXPOSING
244.500249	6.334	12.552	28.2421875	EXPOSING
245.000078	6.334	12.554	28.1875	EXPOSING
245.500223	6.335	12.556	28.296875	EXPOSING
246.000004	6.334	12.555	28.390625	EXPOSING
246.500214	6.334	12.557	28.5	EXPOSING
247.009224	6.334	12.559	28.53125	EXPOSING
247.500269	6.334	12.560	28.5859375	EXPOSING
248.000121	6.335	12.560	28.5859375	EXPOSING
248.500215	6.334	12.560	28.6015625	EXPOSING
249.005275	6.334	12.561	28.5859375	EXPOSING
249.500221	6.334	12.561	28.6015625	EXPOSING
250.000139	6.335	12.562	28.75	EXPOSING
250.500194	6.334	12.563	28.7890625	EXPOSING
251.000104	6.334	12.562	28.875	EXPOSING
251.500420	6.333	12.561	28.6953125	EXPOSING
252.000103	6.334	12.562	28.84375	EXPOSING
253.000450	0.055	0.005	28.8046875	WAIT
253.500223	0.002	0.000	28.0390625	WAIT
254.004083	0.001	0.000	27.828125	WAIT
254.500267	0.001	0.000	27.5	WAIT
255.000074	0.001	0.000	27.625	WAIT
255.500186	0.001	0.000	27.4453125	WAIT
256.000057	0.001	0.000	27.296875	WAIT
257.000260	6.333	12.542	27.3359375	EXPOSING
257.500185	6.334	12.547	27.9296875	EXPOSING
258.000112	6.334	12.549	28.1875	EXPOSING
258.500189	6.333	12.552	28.296875	EXPOSING
259.000101	6.334	12.553	28.3125	EXPOSING
259.500219	6.334	12.555	28.4453125	EXPOSING
259.999939	6.334	12.523	28.4453125	EXPOSING
260.500236	6.334	12.558	28.53125	EXPOSING
261.000402	6.335	12.559	28.640625	EXPOSING
261.500198	6.335	12.558	28.625	EXPOSING
262.000122	6.334	12.560	28.75	EXPOSING
262.500236	6.334	12.561	28.75	EXPOSING
263.005214	6.335	12.560	28.7109375	EXPOSING
263.500247	6.334	12.560	28.7890625	EXPOSING
264.000122	6.334	12.561	28.8203125	EXPOSING
264.500208	6.334	12.561	28.75	EXPOSING
265.005205	6.334	12.561	29.0078125	EXPOSING
265.500187	6.334	12.562	28.9140625	EXPOSING
266.000149	6.334	12.562	28.9296875	EXPOSING
267.000256	0.054	0.004	28.9296875	WAIT
267.500200	0.002	0.000	28.1328125	WAIT
268.001490	0.002	0.000	27.734375	WAIT
268.500189	0.001	0.000	27.734375	WAIT
269.000150	0.001	0.000	27.5859375	WAIT
269.500182	0.001	0.000	27.5703125	WAIT
270.499982	6.331	0.000	27.3359375	EXPOSING
271.000120	6.334	12.546	27.9296875	EXPOSING
271.500252	6.334	12.549	28.0390625	EXPOSING
272.000106	6.334	12.552	28.3125	EXPOSING
272.500223	6.334	12.553	28.4453125	EXPOSING
273.000097	6.333	12.554	28.53125	EXPOSING
273.500227	6.334	12.556	28.5859375	EXPOSING
274.000182	6.334	12.557	28.53125	EXPOSING
274.500235	6.334	12.558	28.6953125	EXPOSING
275.000176	6.334	12.559	28.734375	EXPOSING
275.500211	6.335	12.560	28.75	EXPOSING
276.002847	6.334	12.560	28.75	EXPOSING
276.500255	6.335	12.561	28.8046875	EXPOSING
277.000105	6.335	12.561	28.8046875	EXPOSING
277.500239	6.334	12.561	28.7890625	EXPOSING
278.005305	6.334	12.562	29.0078125	EXPOSING
278.500259	6.334	12.561	29.0625	EXPOSING
279.000148	6.334	12.562	28.9140625	EXPOSING
279.500211	6.335	12.563	28.984375	EXPOSING
280.005269	6.334	12.562	29.0234375	EXPOSING
281.000260	0.054	0.004	28.875	WAIT
281.500283	0.000	0.000	28.09375	WAIT
282.000093	0.001	0.000	27.984375	WAIT
282.500326	0.001	0.000	27.75	WAIT
282.999995	0.002	0.000	27.640625	WAIT
283.500225	0.001	0.000	27.5	WAIT
284.003101	0.001	0.000	27.4453125	WAIT
285.000268	6.333	12.543	27.421875	EXPOSING
285.500196	6.334	12.547	27.953125	EXPOSING
286.005197	6.334	12.551	28.3359375	EXPOSING
286.500174	6.334	12.552	28.3515625	EXPOSING
287.000166	6.334	12.553	28.515625	EXPOSING
287.500186	6.334	12.556	28.5859375	EXPOSING
288.000099	6.334	12.556	28.5546875	EXPOSING
288.500183	6.334	12.557	28.5859375	EXPOSING
289.009274	6.334	12.558	28.6796875	EXPOSING
289.500329	6.335	12.560	28.734375	EXPOSING
290.000120	6.334	12.560	28.734375	EXPOSING
290.500226	6.334	12.561	28.75	EXPOSING
291.000089	6.334	12.561	28.84375	EXPOSING
291.500316	6.334	12.561	28.859375	EXPOSING
292.000127	6.334	12.560	28.875	EXPOSING
292.500212	6.333	12.562	28.9140625	EXPOSING
293.005258	6.333	12.563	28.9453125	EXPOSING
293.500185	6.334	12.562	29.0234375	EXPOSING
294.000117	6.334	12.563	29.0390625	EXPOSING
295.000261	0.054	0.004	29.0234375	WAIT
295.500188	0.000	0.000	28.09375	WAIT
296.000211	0.001	0.000	28.0625	WAIT
296.500334	0.001	0.000	27.875	WAIT
297.000123	0.001	0.000	27.6953125	WAIT
297.500242	0.001	0.000	27.515625	WAIT
297.999984	0.001	0.000	27.4765625	WAIT
299.000273	6.333	12.541	27.4453125	EXPOSING
299.500247	6.333	12.546	28.078125	EXPOSING
300.000078	6.334	12.549	28.296875	EXPOSING
300.502204	6.333	12.552	28.4453125	EXPOSING
301.005264	6.334	12.552	28.53125	EXPOSING
301.500149	6.333	12.555	28.5703125	EXPOSING
302.000176	6.334	12.556	28.640625	EXPOSING
302.505292	6.333	12.557	28.6796875	EXPOSING
303.000138	6.334	12.558	28.7890625	EXPOSING
303.500190	6.334	12.559	28.6796875	EXPOSING
304.000139	6.334	12.559	28.6796875	EXPOSING
304.500213	6.334	12.560	28.859375	EXPOSING
305.000088	6.334	12.560	28.84375	EXPOSING
305.500231	6.334	12.560	28.9453125	EXPOSING
306.000032	6.334	12.561	29.0390625	EXPOSING
306.500252	6.335	12.562	28.9453125	EXPOSING
307.004203	6.334	12.562	28.984375	EXPOSING
307.500212	6.334	12.562	29.078125	EXPOSING
308.008346	6.334	12.562	29.09375	EXPOSING
309.005364	0.054	0.005	29.1328125	WAIT
309.500194	0.001	0.000	28.2578125	WAIT
310.000166	0.001	0.000	28.078125	WAIT
310.500212	0.001	0.000	27.9296875	WAIT
311.000205	0.001	0.000	27.640625	WAIT
311.500249	0.001	0.000	27.828125	WAIT
312.000184	0.001	0.000	27.5703125	WAIT
313.000256	6.333	12.540	27.515625	EXPOSING
313.500228	6.334	12.548	27.96875	EXPOSING
314.000017	6.334	12.549	28.296875	EXPOSING
314.500231	6.334	12.552	28.4765625	EXPOSING
315.000307	6.334	12.552	28.4765625	EXPOSING
315.500288	6.334	12.555	28.5546875	EXPOSING
316.000141	6.334	12.557	28.65625	EXPOSING
316.500219	6.334	12.557	28.8203125	EXPOSING
317.000091	6.334	12.558	28.734375	EXPOSING
317.500216	6.334	12.558	28.7109375	EXPOSING
318.000134	6.334	12.558	28.734375	EXPOSING
318.500190	6.334	12.559	28.84375	EXPOSING
319.000082	6.334	12.561	28.8984375	EXPOSING
319.501508	6.334	12.561	29.0234375	EXPOSING
320.000118	6.333	12.560	28.9140625	EXPOSING
320.500238	6.334	12.561	29.0625	EXPOSING
321.005214	6.334	12.562	28.9453125	EXPOSING
321.500247	6.334	12.561	29.0078125	EXPOSING
322.000070	6.334	12.562	29.0625	EXPOSING
323.000263	0.053	0.004	28.9453125	WAIT
323.500231	0.001	0.000	28.2265625	WAIT
324.004068	0.001	0.000	28.0390625	WAIT
324.500252	0.001	0.000	27.875	WAIT
325.000152	0.001	0.000	27.875	WAIT
325.500209	0.001	0.000	27.71875	WAIT
326.000083	0.000	0.000	27.5859375	WAIT
327.000268	6.333	12.544	27.515625	EXPOSING
327.500241	6.333	12.548	28.1328125	EXPOSING
328.001869	6.334	12.551	28.3359375	EXPOSING
328.500217	6.334	12.553	28.4609375	EXPOSING
329.000112	6.334	12.554	28.6796875	EXPOSING
329.500338	6.334	12.555	28.7109375	EXPOSING
330.004524	6.334	12.555	28.765625	EXPOSING
330.500191	6.334	12.557	28.7890625	EXPOSING
331.000145	6.334	12.557	28.8203125	EXPOSING
331.500197	6.333	12.558	28.7890625	EXPOSING
332.000100	6.334	12.559	28.9296875	EXPOSING
332.500232	6.334	12.560	28.8984375	EXPOSING
333.000101	6.334	12.560	28.9296875	EXPOSING
333.500264	6.334	12.561	28.9453125	EXPOSING
334.000070	6.334	12.561	29.0234375	EXPOSING
334.500288	6.333	12.561	29.0625	EXPOSING
335.000110	6.333	12.562	29.0390625	EXPOSING
335.500247	6.333	12.561	29.078125	EXPOSING
336.005216	6.334	12.562	29.1875	EXPOSING
337.000277	0.054	0.004	29.1171875	WAIT
337.500195	0.001	0.000	28.2421875	WAIT
338.000127	0.001	0.000	27.984375	WAIT
338.503363	0.001	0.000	27.9140625	WAIT
339.000143	0.001	0.000	27.84375	WAIT
339.500195	0.001	0.000	27.6953125	WAIT
340.003479	0.001	0.000	27.546875	WAIT
341.500247	0.053	0.001	27.53125	WAIT
343.000235	0.053	0.001	27.515625	WAIT
344.500277	0.053	0.001	27.1875	WAIT
346.000235	0.053	0.001	27.1171875	WAIT
347.500318	0.053	0.001	27.0078125	WAIT
349.000169	0.053	0.001	26.8046875	WAIT
350.500320	0.053	0.001	26.734375	WAIT
352.000261	0.052	0.000	26.8046875	WAIT
353.500343	0.053	0.001	26.5859375	WAIT
355.000225	0.053	0.001	26.4765625	WAIT
356.500306	0.053	0.001	26.4765625	WAIT
358.000280	0.053	0.002	26.3125	WAIT
359.500288	0.053	0.001	26.3359375	WAIT
361.000225	0.053	0.001	26.2578125	WAIT
362.500262	0.052	0.001	26.2578125	WAIT
364.000242	0.053	0.001	26.1484375	WAIT
365.505339	0.053	0.001	26.109375	WAIT
367.000247	0.053	0.001	26.109375	WAIT
368.500244	0.053	0.001	25.9296875	WAIT
370.001687	0.053	0.002	25.9296875	WAIT
371.500181	0.053	0.001	25.859375	WAIT
373.000236	0.053	0.001	25.96875	WAIT
374.500354	0.053	0.001	25.890625	WAIT
376.000257	0.052	0.001	25.7109375	WAIT
377.500259	0.053	0.000	25.7109375	WAIT
379.005419	0.052	0.001	25.625	WAIT
380.500239	0.053	0.001	25.75	WAIT
382.000154	0.053	0.002	25.6953125	WAIT
383.500282	0.053	0.001	25.7265625	WAIT
385.000177	0.053	0.002	25.640625	WAIT
386.500238	0.053	0.001	25.65625	WAIT
388.000217	0.053	0.002	25.53125	WAIT
389.504761	0.053	0.001	25.5859375	WAIT
391.001118	0.053	0.002	25.4765625	WAIT
392.500332	0.053	0.001	25.546875	WAIT
394.000185	0.053	0.001	25.3828125	WAIT
395.500443	0.053	0.001	25.5078125	WAIT
397.000252	0.053	0.001	25.4921875	WAIT
398.500332	0.053	0.001	25.421875	WAIT
