#Resonance Frequency: 570500.000 kHz
#Set Current: 6.57 A
Time [s]	Current [A]	Voltage [V]	T0 [degC]	State
0.000021	0.001	0.000	26.75	BEFORE
0.500248	0.001	0.000	26.84375	BEFORE
1.002204	0.001	0.000	26.6796875	BEFORE
1.500226	0.002	0.000	26.6015625	BEFORE
2.005413	0.002	0.000	26.6796875	BEFORE
2.500253	0.002	0.000	26.6796875	BEFORE
3.005400	0.001	0.000	26.515625	BEFORE
3.500247	0.002	0.000	26.625	BEFORE
4.008113	0.001	0.000	26.5703125	BEFORE
4.500245	0.002	0.000	26.5859375	BEFORE
5.005407	0.002	0.000	26.546875	BEFORE
5.500322	0.002	0.000	26.53125	BEFORE
6.005420	0.001	0.000	26.546875	BEFORE
6.500337	0.001	0.000	26.4921875	BEFORE
7.038832	0.002	0.000	26.515625	BEFORE
7.500146	0.001	0.000	26.4765625	BEFORE
8.004001	0.002	0.000	26.4921875	BEFORE
8.500245	0.001	0.000	26.4609375	BEFORE
9.005482	0.002	0.000	26.53125	BEFORE
9.500261	0.002	0.000	26.3125	BEFORE
10.005370	0.002	0.000	26.4765625	BEFORE
10.500239	0.001	0.000	26.40625	BEFORE
11.001411	0.001	0.000	26.3359375	BEFORE
11.500252	0.002	0.000	26.3515625	BEFORE
12.004814	0.001	0.000	26.296875	BEFORE
12.500272	0.002	0.000	26.1875	BEFORE
13.003950	0.001	0.000	26.21875	BEFORE
13.500325	0.002	0.000	26.390625	BEFORE
14.002869	0.002	0.000	26.2734375	BEFORE
14.500304	0.001	0.000	26.2734375	BEFORE
15.000852	0.002	0.000	26.2421875	BEFORE
15.500240	0.001	0.000	26.21875	BEFORE
16.005806	0.001	0.000	26.21875	BEFORE
16.500273	0.001	0.000	26.1484375	BEFORE
17.003317	0.001	0.000	26.1640625	BEFORE
17.500221	0.001	0.000	26.1875	BEFORE
18.005434	0.001	0.000	26.1328125	BEFORE
18.500349	0.001	0.000	26.2578125	BEFORE
19.003284	0.001	0.000	26.1328125	BEFORE
19.500638	0.001	0.000	26.0546875	BEFORE
20.005398	0.001	0.000	26.1875	BEFORE
20.500243	0.002	0.000	26.0546875	BEFORE
21.001959	0.001	0.000	26.1484375	BEFORE
21.500237	0.001	0.000	25.875	BEFORE
22.000508	0.001	0.000	25.96875	BEFORE
22.500262	0.001	0.000	26.09375	BEFORE
23.005387	0.001	0.000	26.0078125	BEFORE
23.500300	0.001	0.000	26.0546875	BEFORE
24.005356	0.001	0.000	26.0234375	BEFORE
24.500224	0.001	0.000	26.0078125	BEFORE
25.008524	0.002	0.000	25.9296875	BEFORE
25.500247	0.001	0.000	26.078125	BEFORE
26.005419	0.001	0.000	26.0078125	BEFORE
26.500265	0.001	0.000	26.0390625	BEFORE
27.005373	0.001	0.000	25.9140625	BEFORE
27.500242	0.001	0.000	25.984375	BEFORE
28.002884	0.002	0.000	25.953125	BEFORE
28.500253	0.001	0.000	25.78125	BEFORE
29.001212	0.002	0.000	26.0078125	BEFORE
29.500292	0.002	0.000	25.765625	BEFORE
30.006548	0.001	0.000	25.859375	BEFORE
30.500217	0.001	0.000	25.8046875	BEFORE
31.005468	0.000	0.000	25.859375	BEFORE
31.500238	0.001	0.000	25.859375	BEFORE
32.005668	0.002	0.000	25.7265625	BEFORE
32.500294	0.001	0.000	25.75	BEFORE
33.003653	0.000	0.000	25.765625	BEFORE
33.500261	0.001	0.000	25.875	BEFORE
34.005416	0.001	0.000	25.75	BEFORE
34.500241	0.001	0.000	25.78125	BEFORE
35.010480	0.001	0.000	25.6953125	BEFORE
35.500318	0.001	0.000	25.7109375	BEFORE
36.005432	0.001	0.000	25.65625	BEFORE
36.500285	0.001	0.000	25.65625	BEFORE
37.002247	0.001	0.000	25.6015625	BEFORE
37.500271	0.001	0.000	25.640625	BEFORE
38.005398	0.002	0.000	25.5078125	BEFORE
38.500320	0.002	0.000	25.5703125	BEFORE
39.001909	0.002	0.000	25.6796875	BEFORE
39.500225	0.002	0.000	25.5859375	BEFORE
40.006772	0.001	0.000	25.65625	BEFORE
40.500280	0.001	0.000	25.6796875	BEFORE
41.005487	0.001	0.000	25.5859375	BEFORE
41.500241	0.001	0.000	25.5703125	BEFORE
42.001772	0.001	0.000	25.5703125	BEFORE
42.500728	0.002	0.000	25.5078125	BEFORE
43.004444	0.001	0.000	25.546875	BEFORE
43.500314	0.001	0.000	25.5078125	BEFORE
44.004114	0.001	0.000	25.625	BEFORE
44.500249	0.002	0.000	25.53125	BEFORE
45.005400	0.001	0.000	25.5703125	BEFORE
45.500319	0.001	0.000	25.625	BEFORE
46.001988	0.001	0.000	25.5859375	BEFORE
46.500239	0.001	0.000	25.5078125	BEFORE
47.005363	0.001	0.000	25.5703125	BEFORE
47.500232	0.002	0.000	25.3984375	BEFORE
48.004027	0.001	0.000	25.4765625	BEFORE
48.500227	0.001	0.000	25.5078125	BEFORE
49.005396	0.001	0.000	25.421875	BEFORE
49.500239	0.001	0.000	25.5078125	BEFORE
50.005311	0.002	0.000	25.3671875	BEFORE
50.500342	0.001	0.000	25.3984375	BEFORE
51.009984	0.001	0.000	25.421875	BEFORE
51.500242	0.001	0.000	25.4375	BEFORE
52.003692	0.001	0.000	25.453125	BEFORE
52.500237	0.001	0.000	25.421875	BEFORE
53.002560	0.001	0.000	25.4921875	BEFORE
53.500282	0.001	0.000	25.3984375	BEFORE
54.005180	0.002	0.000	25.34375	BEFORE
54.500296	0.002	0.000	25.4921875	BEFORE
55.005389	0.001	0.000	25.328125	BEFORE
55.500268	0.001	0.000	25.421875	BEFORE
56.002409	0.001	0.000	25.421875	BEFORE
56.500234	0.001	0.000	25.328125	BEFORE
57.005405	0.001	0.000	25.3984375	BEFORE
57.500307	0.002	0.000	25.328125	BEFORE
58.004410	0.001	0.000	25.3125	BEFORE
58.500283	0.001	0.000	25.296875	BEFORE
59.001554	0.001	0.000	25.3125	BEFORE
59.500342	0.002	0.000	25.3125	BEFORE
60.000673	0.001	0.000	25.21875	BEFORE
61.000446	6.564	14.697	25.3125	EXPOSING
61.500313	6.564	14.704	26.65625	EXPOSING
62.003185	6.565	14.709	27.1171875	EXPOSING
62.500321	6.565	14.713	27.3671875	EXPOSING
63.005412	6.565	14.717	27.5859375	EXPOSING
63.500271	6.564	14.719	27.859375	EXPOSING
64.003032	6.564	14.722	27.9140625	EXPOSING
64.500257	6.564	14.725	28.1171875	EXPOSING
65.005400	6.565	14.725	28.2265625	EXPOSING
65.500339	6.564	14.728	28.4453125	EXPOSING
66.001522	6.564	14.730	28.5	EXPOSING
66.500287	6.565	14.731	28.640625	EXPOSING
67.001141	6.564	14.733	28.640625	EXPOSING
67.500288	6.564	14.734	28.8203125	EXPOSING
68.005362	6.564	14.734	28.8984375	EXPOSING
68.500310	6.565	14.736	28.84375	EXPOSING
69.169281	6.564	14.738	28.96875	EXPOSING
69.500059	6.566	14.739	29.203125	EXPOSING
70.005237	6.565	14.740	29.2578125	EXPOSING
71.005447	0.077	0.004	29.1171875	WAIT
71.500296	0.002	0.000	27.875	WAIT
72.008673	0.001	0.000	27.4453125	WAIT
72.500263	0.002	0.000	27.2578125	WAIT
73.000729	0.001	0.000	27.1171875	WAIT
73.500272	0.001	0.000	26.953125	WAIT
74.005347	0.001	0.000	26.7890625	WAIT
75.001419	6.564	14.715	26.7109375	EXPOSING
75.500215	6.564	14.723	28.1328125	EXPOSING
76.005379	6.565	14.727	28.4453125	EXPOSING
76.500251	6.564	14.729	28.7109375	EXPOSING
77.001881	6.565	14.731	28.8984375	EXPOSING
77.500260	6.564	14.734	29.0390625	EXPOSING
78.004775	6.564	14.735	29.1328125	EXPOSING
78.500309	6.565	14.736	29.2421875	EXPOSING
79.003093	6.565	14.739	29.2578125	EXPOSING
79.500299	6.564	14.740	29.421875	EXPOSING
80.005377	6.565	14.741	29.4921875	EXPOSING
80.500275	6.564	14.743	29.5703125	EXPOSING
81.002402	6.564	14.744	29.53125	EXPOSING
81.500229	6.563	14.745	29.546875	EXPOSING
82.005353	6.564	14.747	29.7109375	EXPOSING
82.500255	6.565	14.746	29.8984375	EXPOSING
83.004873	6.565	14.748	29.8046875	EXPOSING
83.500241	6.564	14.749	29.9296875	EXPOSING
84.005423	6.565	14.750	29.9609375	EXPOSING
85.005480	0.073	0.005	29.9296875	WAIT
85.500334	0.002	0.000	28.4765625	WAIT
86.004908	0.001	0.000	28.2265625	WAIT
86.500260	0.001	0.000	28.0390625	WAIT
87.004438	0.001	0.000	27.84375	WAIT
87.500315	0.001	0.000	27.6953125	WAIT
88.002026	0.001	0.000	27.53125	WAIT
89.007265	6.564	14.722	27.4765625	EXPOSING
89.500318	6.564	14.730	28.625	EXPOSING
90.007143	6.564	14.733	28.9453125	EXPOSING
90.500240	6.564	14.737	29.3125	EXPOSING
91.005396	6.564	14.739	29.40625	EXPOSING
91.500229	6.564	14.743	29.6171875	EXPOSING
92.005357	6.565	14.744	29.6953125	EXPOSING
92.500273	6.564	14.745	29.765625	EXPOSING
93.004825	6.565	14.746	29.8203125	EXPOSING
93.500247	6.564	14.749	29.9296875	EXPOSING
94.005382	6.565	14.750	29.953125	EXPOSING
94.500233	6.565	14.749	30.1484375	EXPOSING
95.003778	6.565	14.751	30.015625	EXPOSING
95.500266	6.565	14.753	30.203125	EXPOSING
96.005038	6.565	14.753	30.2578125	EXPOSING
96.500281	6.565	14.754	30.2890625	EXPOSING
97.007413	6.565	14.755	30.3671875	EXPOSING
97.500322	6.565	14.756	30.421875	EXPOSING
98.001787	6.564	14.756	30.4921875	EXPOSING
99.010459	0.075	0.004	30.328125	WAIT
99.500246	0.002	0.000	28.875	WAIT
100.001657	0.001	0.000	28.7109375	WAIT
100.500229	0.001	0.000	28.515625	WAIT
101.005403	0.001	0.000	28.2265625	WAIT
101.500227	0.001	0.000	28.1875	WAIT
102.012467	0.001	0.000	27.9296875	WAIT
103.005497	6.564	14.731	27.8046875	EXPOSING
103.500291	6.564	14.737	29.078125	EXPOSING
104.006475	6.564	14.739	29.40625	EXPOSING
104.500257	6.564	14.743	29.4765625	EXPOSING
105.005380	6.564	14.745	29.78125	EXPOSING
105.500243	6.564	14.746	30.078125	EXPOSING
106.004516	6.565	14.749	30.1328125	EXPOSING
106.500235	6.564	14.751	30.1484375	EXPOSING
107.009362	6.565	14.752	30.1328125	EXPOSING
107.500213	6.564	14.754	30.21875	EXPOSING
108.005419	6.564	14.755	30.3984375	EXPOSING
108.500354	6.564	14.756	30.2890625	EXPOSING
109.009041	6.564	14.758	30.4765625	EXPOSING
109.500221	6.565	14.758	30.421875	EXPOSING
110.005405	6.564	14.759	30.4765625	EXPOSING
110.500232	6.565	14.759	30.5078125	EXPOSING
111.002317	6.564	14.759	30.65625	EXPOSING
111.500326	6.564	14.761	30.671875	EXPOSING
112.005104	6.564	14.761	30.7265625	EXPOSING
113.004664	0.072	0.003	30.6015625	WAIT
113.500232	0.002	0.000	29.203125	WAIT
114.005413	0.001	0.000	28.8984375	WAIT
114.500245	0.001	0.000	28.734375	WAIT
115.002914	0.001	0.000	28.5	WAIT
115.500233	0.001	0.000	28.3359375	WAIT
116.005942	0.001	0.000	28.2578125	WAIT
117.005682	6.563	14.732	28.1484375	EXPOSING
117.500274	6.565	14.740	29.296875	EXPOSING
118.005414	6.563	14.743	29.640625	EXPOSING
118.500319	6.564	14.747	29.859375	EXPOSING
119.003924	6.565	14.750	30.0390625	EXPOSING
119.500233	6.565	14.751	30.1640625	EXPOSING
120.005440	6.564	14.754	30.3125	EXPOSING
120.500313	6.565	14.755	30.34375	EXPOSING
121.001172	6.565	14.756	30.3984375	EXPOSING
121.500235	6.565	14.758	30.4921875	EXPOSING
122.005372	6.564	14.759	30.546875	EXPOSING
122.500244	6.564	14.759	30.5859375	EXPOSING
123.001067	6.564	14.761	30.6875	EXPOSING
123.500259	6.565	14.762	30.6875	EXPOSING
124.005375	6.564	14.763	30.796875	EXPOSING
124.500251	6.565	14.764	30.8203125	EXPOSING
125.001877	6.564	14.764	30.890625	EXPOSING
125.500299	6.565	14.765	30.9296875	EXPOSING
126.000795	6.565	14.765	30.90625	EXPOSING
127.005453	0.074	0.006	30.7109375	WAIT
127.500246	0.001	0.000	29.3828125	WAIT
128.002842	0.002	0.000	29.1328125	WAIT
128.500225	0.001	0.000	28.875	WAIT
129.005404	0.001	0.000	28.75	WAIT
129.500245	0.001	0.000	28.53125	WAIT
130.004007	0.001	0.000	28.4453125	WAIT
131.005450	6.561	14.736	28.2578125	EXPOSING
131.500235	6.564	14.740	29.3671875	EXPOSING
132.005391	6.565	14.745	29.8984375	EXPOSING
132.500326	6.565	14.749	30.0546875	EXPOSING
133.004930	6.565	14.752	30.1484375	EXPOSING
133.500293	6.565	14.752	30.3828125	EXPOSING
134.005389	6.565	14.754	30.3984375	EXPOSING
134.500257	6.565	14.756	30.5078125	EXPOSING
135.168928	6.564	14.759	30.4765625	EXPOSING
135.500027	6.565	14.760	30.7265625	EXPOSING
136.005177	6.565	14.761	30.6875	EXPOSING
136.500248	6.564	14.762	30.7421875	EXPOSING
137.005403	6.565	14.763	30.765625	EXPOSING
137.500546	6.565	14.764	30.9296875	EXPOSING
138.005378	6.565	14.764	30.9296875	EXPOSING
138.500348	6.564	14.766	31.0703125	EXPOSING
139.004462	6.564	14.765	30.9296875	EXPOSING
139.500268	6.564	14.765	31.125	EXPOSING
140.004056	6.565	14.766	31.1953125	EXPOSING
141.005432	0.075	0.003	30.9453125	WAIT
141.500307	0.001	0.000	29.6171875	WAIT
142.001332	0.001	0.000	29.2265625	WAIT
142.500322	0.001	0.000	28.984375	WAIT
143.005346	0.001	0.000	28.7890625	WAIT
143.500249	0.001	0.000	28.6953125	WAIT
144.001302	0.001	0.000	28.53125	WAIT
145.005440	6.564	14.738	28.5	EXPOSING
145.500272	6.565	14.746	29.6171875	EXPOSING
146.003624	6.564	14.748	29.9140625	EXPOSING
146.500256	6.564	14.751	30.1640625	EXPOSING
147.005421	6.565	14.754	30.2578125	EXPOSING
147.500220	6.565	14.756	30.5625	EXPOSING
148.005165	6.565	14.758	30.671875	EXPOSING
148.500248	6.564	14.760	30.7109375	EXPOSING
149.004319	6.564	14.760	30.7421875	EXPOSING
149.500243	6.564	14.763	30.7421875	EXPOSING
150.005414	6.564	14.764	30.8359375	EXPOSING
150.500249	6.565	14.764	30.875	EXPOSING
151.003929	6.565	14.765	30.875	EXPOSING
151.500238	6.565	14.766	30.9453125	EXPOSING
152.005370	6.564	14.767	31.015625	EXPOSING
152.500304	6.564	14.767	31.109375	EXPOSING
153.005408	6.565	14.767	31.140625	EXPOSING
153.500284	6.565	14.768	31.1640625	EXPOSING
154.000326	6.565	14.770	31.140625	EXPOSING
155.000467	0.000	0.005	31.1640625	WAIT
155.500315	0.002	0.000	29.65625	WAIT
156.000780	0.002	0.000	29.3125	WAIT
156.500248	0.001	0.000	29.1328125	WAIT
157.005414	0.001	0.000	29.0078125	WAIT
157.500324	0.001	0.000	28.8203125	WAIT
158.004832	0.002	0.000	28.7109375	WAIT
159.005440	6.564	14.740	28.53125	EXPOSING
159.500231	6.564	14.746	29.6953125	EXPOSING
160.002053	6.565	14.750	30.1640625	EXPOSING
160.500237	6.565	14.753	30.3125	EXPOSING
161.005360	6.565	14.755	30.4921875	EXPOSING
161.500232	6.564	14.757	30.65625	EXPOSING
162.005477	6.565	14.758	30.6171875	EXPOSING
162.500234	6.564	14.759	30.7421875	EXPOSING
163.001589	6.564	14.762	30.890625	EXPOSING
163.500242	6.564	14.763	30.9453125	EXPOSING
164.002357	6.565	14.764	31.0546875	EXPOSING
164.500278	6.564	14.765	30.8515625	EXPOSING
165.005974	6.564	14.767	31.140625	EXPOSING
165.500239	6.565	14.767	31.1640625	EXPOSING
166.003052	6.565	14.768	31.3046875	EXPOSING
166.500241	6.565	14.768	31.1953125	EXPOSING
167.005424	6.564	14.769	31.2890625	EXPOSING
167.500220	6.564	14.769	31.2734375	EXPOSING
168.005377	6.565	14.771	31.3203125	EXPOSING
169.005121	0.000	0.005	31.21875	WAIT
169.500231	0.002	0.000	29.75	WAIT
170.005385	0.001	0.000	29.421875	WAIT
170.500230	0.001	0.000	29.203125	WAIT
171.004204	0.001	0.000	29.09375	WAIT
171.500288	0.001	0.000	29.0390625	WAIT
172.002381	0.001	0.000	28.734375	WAIT
173.001800	6.563	14.742	28.65625	EXPOSING
173.500209	6.565	14.746	29.765625	EXPOSING
174.005360	6.564	14.750	30.203125	EXPOSING
174.500237	6.565	14.754	30.453125	EXPOSING
175.009685	6.565	14.756	30.6171875	EXPOSING
175.500236	6.565	14.758	30.7265625	EXPOSING
176.005393	6.565	14.760	30.8515625	EXPOSING
176.500279	6.565	14.761	30.9453125	EXPOSING
177.005377	6.564	14.764	30.890625	EXPOSING
177.500265	6.564	14.765	31.015625	EXPOSING
178.002320	6.564	14.765	31.015625	EXPOSING
178.500301	6.564	14.767	31.1953125	EXPOSING
179.003565	6.565	14.768	31.0859375	EXPOSING
179.500246	6.565	14.769	31.234375	EXPOSING
180.005424	6.565	14.770	31.125	EXPOSING
180.500246	6.564	14.770	31.3046875	EXPOSING
181.000722	6.564	14.772	31.234375	EXPOSING
181.500249	6.565	14.773	31.34375	EXPOSING
182.005343	6.564	14.772	31.46875	EXPOSING
183.003142	0.075	0.004	31.359375	WAIT
183.500246	0.001	0.000	29.8203125	WAIT
184.005354	0.001	0.000	29.546875	WAIT
184.500497	0.001	0.000	29.3671875	WAIT
185.005409	0.002	0.000	29.203125	WAIT
185.500281	0.001	0.000	29.0625	WAIT
186.000529	0.001	0.000	28.8203125	WAIT
187.003844	6.564	14.742	28.7890625	EXPOSING
187.500267	6.564	14.750	30.0	EXPOSING
188.005414	6.564	14.753	30.34375	EXPOSING
188.500271	6.565	14.755	30.53125	EXPOSING
189.000251	6.565	14.757	30.6875	EXPOSING
189.500238	6.565	14.759	30.796875	EXPOSING
190.005420	6.565	14.761	30.8203125	EXPOSING
190.500231	6.565	14.762	30.9296875	EXPOSING
191.005391	6.568	14.764	31.140625	EXPOSING
191.500239	6.565	14.764	31.2890625	EXPOSING
192.004411	6.565	14.767	31.0546875	EXPOSING
192.500291	6.564	14.768	31.2890625	EXPOSING
193.005379	6.564	14.768	31.2890625	EXPOSING
193.500268	6.564	14.769	31.3203125	EXPOSING
194.009454	6.564	14.770	31.5078125	EXPOSING
194.500342	6.564	14.771	31.3984375	EXPOSING
195.008359	6.565	14.771	31.5390625	EXPOSING
195.500246	6.564	14.771	31.4296875	EXPOSING
196.005397	6.565	14.772	31.4296875	EXPOSING
197.005487	0.000	0.005	31.34375	WAIT
197.500252	0.002	0.000	29.9609375	WAIT
198.004528	0.002	0.000	29.6953125	WAIT
198.500209	0.002	0.000	29.3515625	WAIT
199.005381	0.001	0.000	29.296875	WAIT
199.500254	0.001	0.000	29.1171875	WAIT
200.003062	0.001	0.000	28.9453125	WAIT
201.104504	6.564	14.744	28.96875	EXPOSING
201.500125	6.564	14.747	30.09375	EXPOSING
202.001418	6.564	14.752	30.3984375	EXPOSING
202.500251	6.564	14.755	30.546875	EXPOSING
203.001235	6.564	14.755	30.890625	EXPOSING
203.500230	6.564	14.760	30.9453125	EXPOSING
204.004697	6.564	14.761	30.9453125	EXPOSING
204.500248	6.565	14.762	30.9765625	EXPOSING
205.004066	6.565	14.765	31.0859375	EXPOSING
205.500341	6.564	14.765	31.1796875	EXPOSING
206.000684	6.565	14.768	31.2734375	EXPOSING
206.500262	6.564	14.768	31.2890625	EXPOSING
207.005478	6.564	14.769	31.34375	EXPOSING
207.500252	6.564	14.770	31.2890625	EXPOSING
208.003070	6.565	14.771	31.5078125	EXPOSING
208.500292	6.564	14.772	31.5078125	EXPOSING
209.005403	6.564	14.773	31.578125	EXPOSING
209.500237	6.565	14.772	31.484375	EXPOSING
210.005372	6.565	14.773	31.6640625	EXPOSING
211.005045	0.074	0.005	31.59375	WAIT
211.500236	0.002	0.000	30.109375	WAIT
212.001218	0.001	0.000	29.671875	WAIT
212.500235	0.001	0.000	29.4921875	WAIT
213.004481	0.001	0.000	29.296875	WAIT
213.500284	0.001	0.000	29.203125	WAIT
214.005414	0.001	0.000	29.09375	WAIT
215.005431	6.564	14.744	29.0390625	EXPOSING
215.500255	6.565	14.750	30.078125	EXPOSING
216.004516	6.564	14.753	30.53125	EXPOSING
216.500241	6.564	14.756	30.6875	EXPOSING
217.005381	6.564	14.758	30.875	EXPOSING
217.500427	6.564	14.760	30.9453125	EXPOSING
218.000552	6.564	14.763	31.0859375	EXPOSING
218.500283	6.564	14.765	31.125	EXPOSING
219.005383	6.564	14.765	31.1796875	EXPOSING
219.500246	6.565	14.767	31.1796875	EXPOSING
220.002636	6.564	14.768	31.3203125	EXPOSING
220.500240	6.565	14.768	31.3203125	EXPOSING
221.005357	6.564	14.770	31.5078125	EXPOSING
221.500310	6.565	14.771	31.5078125	EXPOSING
222.000837	6.564	14.770	31.46875	EXPOSING
222.500230	6.565	14.770	31.5234375	EXPOSING
223.005387	6.565	14.772	31.5625	EXPOSING
223.500242	6.564	14.773	31.6484375	EXPOSING
224.004522	6.565	14.773	31.59375	EXPOSING
225.005475	0.075	0.004	31.609375	WAIT
225.500289	0.002	0.000	30.1484375	WAIT
226.000252	0.002	0.000	29.8203125	WAIT
226.500245	0.001	0.000	29.6171875	WAIT
227.005372	0.001	0.000	29.40625	WAIT
227.500312	0.001	0.000	29.328125	WAIT
228.001818	0.001	0.000	29.171875	WAIT
229.005430	6.564	14.742	29.0390625	EXPOSING
229.500280	6.564	14.750	30.203125	EXPOSING
230.004391	6.565	14.754	30.6015625	EXPOSING
230.500233	6.565	14.756	30.7265625	EXPOSING
231.005362	6.565	14.760	30.9609375	EXPOSING
231.500290	6.565	14.761	31.0546875	EXPOSING
232.005363	6.564	14.764	31.0859375	EXPOSING
232.500277	6.565	14.764	31.3046875	EXPOSING
233.001008	6.565	14.766	31.2734375	EXPOSING
233.500281	6.565	14.767	31.3203125	EXPOSING
234.005352	6.565	14.768	31.3046875	EXPOSING
234.500234	6.565	14.769	31.4140625	EXPOSING
235.004909	6.564	14.770	31.375	EXPOSING
235.500220	6.564	14.771	31.6328125	EXPOSING
236.005367	6.564	14.770	31.59375	EXPOSING
236.500245	6.565	14.772	31.6328125	EXPOSING
237.003394	6.565	14.773	31.71875	EXPOSING
237.500221	6.564	14.773	31.703125	EXPOSING
238.005371	6.564	14.773	31.71875	EXPOSING
239.003144	0.000	0.005	31.6484375	WAIT
239.500286	0.002	0.000	30.2890625	WAIT
240.004002	0.001	0.000	29.953125	WAIT
240.500248	0.001	0.000	29.78125	WAIT
241.003477	0.001	0.000	29.4765625	WAIT
241.500245	0.002	0.000	29.296875	WAIT
242.005372	0.001	0.000	29.2265625	WAIT
243.000685	6.564	14.743	29.1171875	EXPOSING
243.500265	6.564	14.748	30.203125	EXPOSING
244.005371	6.565	14.753	30.65625	EXPOSING
244.500461	6.565	14.756	30.8203125	EXPOSING
245.005382	6.565	14.757	30.9453125	EXPOSING
245.500232	6.565	14.761	31.0703125	EXPOSING
246.000451	6.565	14.762	31.1953125	EXPOSING
246.500246	6.565	14.764	31.21875	EXPOSING
247.005408	6.565	14.766	31.3984375	EXPOSING
247.500249	6.564	14.767	31.4140625	EXPOSING
248.001081	6.565	14.768	31.5390625	EXPOSING
248.500231	6.564	14.769	31.5390625	EXPOSING
249.005417	6.565	14.770	31.6328125	EXPOSING
249.500234	6.565	14.771	31.609375	EXPOSING
250.005114	6.564	14.771	31.6484375	EXPOSING
250.500221	6.565	14.773	31.6640625	EXPOSING
251.005387	6.564	14.735	31.796875	EXPOSING
251.500401	6.564	14.771	31.7578125	EXPOSING
252.005427	6.565	14.774	31.8515625	EXPOSING
253.001909	0.075	0.004	31.8671875	WAIT
253.500301	0.001	0.000	30.34375	WAIT
254.004182	0.001	0.000	29.953125	WAIT
254.500259	0.001	0.000	29.765625	WAIT
255.000739	0.001	0.000	29.6015625	WAIT
255.500329	0.001	0.000	29.40625	WAIT
256.005511	0.001	0.000	29.3828125	WAIT
257.005507	6.564	14.746	29.1484375	EXPOSING
257.500232	6.564	14.751	30.453125	EXPOSING
258.005452	6.565	14.755	30.65625	EXPOSING
258.500248	6.564	14.756	30.796875	EXPOSING
259.002399	6.564	14.759	31.0703125	EXPOSING
259.500461	6.564	14.761	31.109375	EXPOSING
260.005389	6.564	14.762	31.4296875	EXPOSING
260.500325	6.564	14.765	31.3046875	EXPOSING
261.003116	6.565	14.767	31.3984375	EXPOSING
261.500272	6.565	14.768	31.5078125	EXPOSING
262.001633	6.565	14.769	31.5390625	EXPOSING
262.500271	6.564	14.770	31.5390625	EXPOSING
263.005422	6.565	14.771	31.703125	EXPOSING
263.500264	6.565	14.772	31.7734375	EXPOSING
264.000458	6.565	14.771	31.7578125	EXPOSING
264.500212	6.564	14.773	31.796875	EXPOSING
265.005400	6.565	14.773	31.8828125	EXPOSING
265.500315	6.565	14.775	31.828125	EXPOSING
266.003689	6.564	14.773	31.90625	EXPOSING
267.155531	0.000	0.000	31.6328125	WAIT
267.500074	0.001	0.000	30.1640625	WAIT
268.003592	0.001	0.000	30.0546875	WAIT
268.500284	0.002	0.000	29.78125	WAIT
269.005357	0.001	0.000	29.65625	WAIT
269.500244	0.002	0.000	29.421875	WAIT
270.004914	0.001	0.000	29.421875	WAIT
271.004581	6.564	14.745	29.2578125	EXPOSING
271.500318	6.565	14.751	30.3828125	EXPOSING
272.005435	6.564	14.755	30.765625	EXPOSING
272.500237	6.565	14.757	30.9296875	EXPOSING
273.005379	6.564	14.760	31.109375	EXPOSING
273.500233	6.565	14.761	31.2890625	EXPOSING
274.001762	6.565	14.763	31.4140625	EXPOSING
274.500337	6.564	14.765	31.375	EXPOSING
275.005430	6.564	14.767	31.375	EXPOSING
275.500271	6.564	14.768	31.46875	EXPOSING
276.005447	6.564	14.769	31.5390625	EXPOSING
276.500295	6.564	14.770	31.59375	EXPOSING
277.005213	6.564	14.770	31.6328125	EXPOSING
277.500299	6.564	14.771	31.6875	EXPOSING
278.005383	6.564	14.772	31.6875	EXPOSING
278.500237	6.564	14.774	31.8515625	EXPOSING
279.003226	6.564	14.773	31.828125	EXPOSING
279.500264	6.565	14.775	31.90625	EXPOSING
280.005424	6.564	14.774	31.921875	EXPOSING
281.005435	0.075	0.005	31.71875	WAIT
281.500268	0.002	0.000	30.3828125	WAIT
282.005149	0.001	0.000	30.0390625	WAIT
282.500262	0.001	0.000	29.859375	WAIT
283.004386	0.001	0.000	29.7109375	WAIT
283.500262	0.002	0.000	29.421875	WAIT
284.005248	0.001	0.000	29.40625	WAIT
285.005455	6.564	14.746	29.2421875	EXPOSING
285.500231	6.564	14.750	30.34375	EXPOSING
286.005394	6.564	14.754	30.796875	EXPOSING
286.500251	6.564	14.757	30.9296875	EXPOSING
287.004947	6.565	14.760	31.015625	EXPOSING
287.500221	6.564	14.762	31.2734375	EXPOSING
288.005408	6.565	14.764	31.359375	EXPOSING
288.500338	6.565	14.766	31.4296875	EXPOSING
289.005418	6.564	14.767	31.4296875	EXPOSING
289.500308	6.565	14.769	31.578125	EXPOSING
290.005388	6.565	14.770	31.703125	EXPOSING
290.500297	6.565	14.770	31.6328125	EXPOSING
291.003967	6.565	14.772	31.703125	EXPOSING
291.500268	6.564	14.773	31.71875	EXPOSING
292.005399	6.565	14.774	31.8125	EXPOSING
292.500268	6.564	14.774	31.8125	EXPOSING
293.004601	6.565	14.776	31.8125	EXPOSING
293.500274	6.565	14.775	31.90625	EXPOSING
294.005395	6.564	14.777	31.8828125	EXPOSING
295.000694	0.075	0.005	31.7578125	WAIT
295.500248	0.002	0.000	30.4921875	WAIT
296.005409	0.001	0.000	30.1484375	WAIT
296.500285	0.001	0.000	29.8046875	WAIT
297.005352	0.002	0.000	29.6953125	WAIT
297.500308	0.001	0.000	29.5859375	WAIT
298.005397	0.001	0.000	29.40625	WAIT
299.006329	6.564	14.744	29.296875	EXPOSING
299.500224	6.565	14.751	30.3984375	EXPOSING
300.005453	6.564	14.755	30.7265625	EXPOSING
300.500255	6.565	14.758	30.9765625	EXPOSING
301.003617	6.565	14.762	31.1953125	EXPOSING
301.500270	6.565	14.763	31.2890625	EXPOSING
302.005399	6.565	14.765	31.3984375	EXPOSING
302.500262	6.564	14.766	31.46875	EXPOSING
303.005405	6.565	14.768	31.46875	EXPOSING
303.500859	6.564	14.768	31.59375	EXPOSING
304.005425	6.565	14.771	31.609375	EXPOSING
304.500317	6.565	14.771	31.703125	EXPOSING
305.003413	6.565	14.772	31.6640625	EXPOSING
305.500249	6.565	14.774	31.8671875	EXPOSING
306.003818	6.565	14.775	31.796875	EXPOSING
306.500250	6.565	14.774	31.7734375	EXPOSING
307.005413	6.565	14.775	31.9375	EXPOSING
307.500242	6.565	14.777	32.046875	EXPOSING
308.010423	6.565	14.776	31.921875	EXPOSING
309.005474	0.075	0.005	31.90625	WAIT
309.500241	0.001	0.000	30.4765625	WAIT
310.005424	0.001	0.000	30.0546875	WAIT
310.500252	0.002	0.000	29.953125	WAIT
311.001915	0.001	0.000	29.78125	WAIT
311.500285	0.001	0.000	29.6015625	WAIT
312.005405	0.001	0.000	29.3828125	WAIT
313.004953	6.564	14.745	29.40625	EXPOSING
313.500208	6.564	14.751	30.546875	EXPOSING
314.005424	6.564	14.755	30.8203125	EXPOSING
314.500256	6.564	14.758	31.0859375	EXPOSING
315.005661	6.565	14.761	31.1640625	EXPOSING
315.500208	6.564	14.763	31.34375	EXPOSING
316.005410	6.564	14.764	31.5390625	EXPOSING
316.500238	6.564	14.766	31.3984375	EXPOSING
317.004566	6.564	14.769	31.46875	EXPOSING
317.500233	6.565	14.769	31.703125	EXPOSING
318.005406	6.565	14.771	31.609375	EXPOSING
318.500249	6.564	14.772	31.7421875	EXPOSING
319.004987	6.565	14.772	31.8828125	EXPOSING
319.500199	6.564	14.772	31.828125	EXPOSING
320.001512	6.564	14.774	31.828125	EXPOSING
320.500238	6.565	14.775	31.8828125	EXPOSING
321.005396	6.565	14.776	31.953125	EXPOSING
321.500283	6.564	14.776	31.9921875	EXPOSING
322.009817	6.564	14.776	32.03125	EXPOSING
323.005486	0.075	0.005	31.921875	WAIT
323.500259	0.001	0.000	30.4375	WAIT
324.005398	0.001	0.000	30.2734375	WAIT
324.500243	0.001	0.000	29.9296875	WAIT
325.002280	0.001	0.000	29.8203125	WAIT
325.500247	0.001	0.000	29.671875	WAIT
326.005415	0.001	0.000	29.53125	WAIT
327.006281	6.564	14.747	29.4609375	EXPOSING
327.500209	6.565	14.752	30.53125	EXPOSING
328.005406	6.564	14.758	31.0	EXPOSING
328.500232	6.564	14.763	31.0546875	EXPOSING
329.001044	6.564	14.765	31.21875	EXPOSING
329.500221	6.565	14.768	31.2734375	EXPOSING
330.005373	6.564	14.769	31.5390625	EXPOSING
330.500392	6.564	14.771	31.6328125	EXPOSING
331.005630	6.564	14.773	31.578125	EXPOSING
331.500333	6.565	14.775	31.609375	EXPOSING
332.001409	6.564	14.776	31.828125	EXPOSING
332.500234	6.565	14.777	31.7734375	EXPOSING
333.005426	6.565	14.778	31.8515625	EXPOSING
333.500244	6.564	14.779	31.8515625	EXPOSING
334.004322	6.565	14.779	31.953125	EXPOSING
334.500221	6.565	14.779	32.0078125	EXPOSING
335.005402	6.565	14.781	31.921875	EXPOSING
335.500240	6.565	14.782	32.0859375	EXPOSING
336.081205	6.564	14.783	32.03125	EXPOSING
337.000776	0.076	0.005	31.953125	WAIT
337.500254	0.001	0.000	30.6015625	WAIT
338.005400	0.002	0.000	30.34375	WAIT
338.500263	0.002	0.000	30.0390625	WAIT
339.005447	0.001	0.000	29.78125	WAIT
339.500298	0.001	0.000	29.75	WAIT
340.003311	0.001	0.000	29.5859375	WAIT
341.500432	0.074	0.001	29.5859375	WAIT
343.005480	0.000	0.000	29.2734375	WAIT
344.500322	0.036	0.002	29.09375	WAIT
346.001244	0.000	0.001	28.875	WAIT
347.500272	0.074	0.001	28.65625	WAIT
349.000392	0.000	0.001	28.5546875	WAIT
350.500322	0.073	0.001	28.4765625	WAIT
352.004461	0.074	0.001	28.3671875	WAIT
353.500287	0.074	0.001	28.2578125	WAIT
355.005525	0.038	0.001	28.0078125	WAIT
356.500397	0.000	0.000	27.984375	WAIT
358.005440	0.074	0.002	27.9140625	WAIT
359.500333	0.000	0.001	27.875	WAIT
361.000359	0.034	0.001	27.7734375	WAIT
362.500369	0.045	0.001	27.71875	WAIT
364.004483	0.074	0.002	27.625	WAIT
365.500339	0.000	0.001	27.625	WAIT
367.005476	0.074	0.001	27.5	WAIT
368.500370	0.074	0.001	27.4453125	WAIT
370.000934	0.074	0.001	27.3515625	WAIT
371.500318	0.074	0.001	27.28125	WAIT
373.005456	0.074	0.002	27.2421875	WAIT
374.500304	0.072	0.001	27.3125	WAIT
376.005491	0.000	0.000	27.1640625	WAIT
377.500355	0.074	0.000	27.2578125	WAIT
379.001340	0.074	0.002	27.0078125	WAIT
380.500310	0.000	0.002	27.09375	WAIT
382.005488	0.040	0.002	26.8984375	WAIT
383.500284	0.074	0.001	26.953125	WAIT
385.005454	0.074	0.002	26.859375	WAIT
386.500399	0.000	0.001	26.7890625	WAIT
388.002648	0.074	0.001	26.859375	WAIT
389.500345	0.047	0.001	26.859375	WAIT
391.005443	0.074	0.001	26.7109375	WAIT
392.500386	0.074	0.001	26.65625	WAIT
394.005490	0.074	0.000	26.5859375	WAIT
395.500412	0.000	0.002	26.65625	WAIT
397.005449	0.000	0.002	26.625	WAIT
398.500162	0.073	0.002	26.6015625	WAIT
