#Resonance Frequency: 922500.000 kHz
#Set Current: 7.34 A
Time [s]	Current [A]	Voltage [V]	T0 [degC]	State
0.000025	0.001	0.000	26.5859375	BEFORE
0.500024	0.002	0.000	26.4765625	BEFORE
0.999820	0.002	0.000	26.5703125	BEFORE
1.500046	0.002	0.000	26.515625	BEFORE
1.999817	0.001	0.000	26.4765625	BEFORE
2.500168	0.001	0.000	26.546875	BEFORE
2.999813	0.001	0.000	26.4921875	BEFORE
3.500038	0.001	0.000	26.4609375	BEFORE
3.999821	0.001	0.000	26.515625	BEFORE
4.501448	0.001	0.000	26.4375	BEFORE
4.999783	0.002	0.000	26.40625	BEFORE
5.500003	0.001	0.000	26.390625	BEFORE
5.999835	0.001	0.000	26.296875	BEFORE
6.500180	0.001	0.000	26.390625	BEFORE
6.999985	0.002	0.000	26.3671875	BEFORE
7.500012	0.002	0.000	26.21875	BEFORE
7.999881	0.001	0.000	26.21875	BEFORE
8.501606	0.002	0.000	26.203125	BEFORE
8.999855	0.001	0.000	26.2578125	BEFORE
9.500003	0.001	0.000	26.09375	BEFORE
9.999820	0.001	0.000	26.078125	BEFORE
10.499999	0.001	0.000	26.1328125	BEFORE
11.001570	0.002	0.000	26.0546875	BEFORE
11.500095	0.001	0.000	26.0390625	BEFORE
11.999970	0.001	0.000	26.0546875	BEFORE
12.500050	0.001	0.000	26.09375	BEFORE
12.999992	0.001	0.000	26.0546875	BEFORE
13.500616	0.001	0.000	26.0390625	BEFORE
13.999829	0.001	0.000	26.0546875	BEFORE
14.501207	0.001	0.000	26.109375	BEFORE
14.999992	0.001	0.000	25.96875	BEFORE
15.502042	0.001	0.000	26.0546875	BEFORE
15.999794	0.001	0.000	26.0078125	BEFORE
16.500071	0.001	0.000	26.0078125	BEFORE
16.999791	0.001	0.000	25.8359375	BEFORE
17.500027	0.001	0.000	25.953125	BEFORE
18.001539	0.001	0.000	26.0390625	BEFORE
18.500085	0.001	0.000	25.96875	BEFORE
18.999809	0.001	0.000	25.8359375	BEFORE
19.500023	0.001	0.000	25.96875	BEFORE
19.999927	0.001	0.000	25.953125	BEFORE
20.500013	0.002	0.000	25.8203125	BEFORE
20.999835	0.002	0.000	25.765625	BEFORE
21.500020	0.001	0.000	25.953125	BEFORE
21.999815	0.001	0.000	25.859375	BEFORE
22.500033	0.001	0.000	25.875	BEFORE
22.999889	0.002	0.000	25.8046875	BEFORE
23.500041	0.001	0.000	25.765625	BEFORE
23.999794	0.001	0.000	25.640625	BEFORE
24.500034	0.001	0.000	25.8046875	BEFORE
25.000562	0.001	0.000	25.6953125	BEFORE
25.499996	0.001	0.000	25.8046875	BEFORE
26.003087	-1	-1	-274	ERROR
26.500005	0.002	0.000	25.6796875	BEFORE
26.999856	0.001	0.000	25.6796875	BEFORE
27.500030	0.002	0.000	25.65625	BEFORE
27.999787	0.002	0.000	25.7109375	BEFORE
28.500073	0.001	0.000	25.640625	BEFORE
28.999968	0.001	0.000	25.6953125	BEFORE
29.500017	0.001	0.000	25.6953125	BEFORE
29.999972	0.002	0.000	25.5703125	BEFORE
30.508365	0.001	0.000	25.625	BEFORE
30.999925	0.002	0.000	25.625	BEFORE
31.500092	0.002	0.000	25.5859375	BEFORE
31.999796	0.001	0.000	25.546875	BEFORE
32.500054	0.002	0.000	25.4921875	BEFORE
32.999989	0.001	0.000	25.6015625	BEFORE
33.500006	0.001	0.000	25.4765625	BEFORE
33.999813	0.002	0.000	25.53125	BEFORE
34.500016	0.001	0.000	25.546875	BEFORE
34.999892	0.001	0.000	25.421875	BEFORE
35.499991	0.001	0.000	25.546875	BEFORE
36.000167	0.001	0.000	25.6015625	BEFORE
36.500020	0.002	0.000	25.5859375	BEFORE
36.999811	0.002	0.000	25.3984375	BEFORE
37.500077	0.001	0.000	25.4375	BEFORE
37.999900	0.001	0.000	25.5078125	BEFORE
38.500011	0.001	0.000	25.546875	BEFORE
38.999885	0.001	0.000	25.3671875	BEFORE
39.500012	0.001	0.000	25.34375	BEFORE
39.999895	0.001	0.000	25.3671875	BEFORE
40.500002	0.001	0.000	25.3828125	BEFORE
40.999804	0.002	0.000	25.3671875	BEFORE
41.500220	0.001	0.000	25.3984375	BEFORE
41.999790	0.002	0.000	25.3671875	BEFORE
42.500017	0.002	0.000	25.3671875	BEFORE
42.999801	0.002	0.000	25.296875	BEFORE
43.500204	0.001	0.000	25.4921875	BEFORE
43.999897	0.001	0.000	25.3984375	BEFORE
44.500043	0.001	0.000	25.34375	BEFORE
44.999826	0.001	0.000	25.34375	BEFORE
45.500005	0.002	0.000	25.296875	BEFORE
45.999914	0.002	0.000	25.421875	BEFORE
46.500032	0.001	0.000	25.34375	BEFORE
46.999825	0.001	0.000	25.296875	BEFORE
47.500209	0.001	0.000	25.2578125	BEFORE
47.999845	0.001	0.000	25.34375	BEFORE
48.500025	0.001	0.000	25.125	BEFORE
48.999896	0.002	0.000	25.296875	BEFORE
49.500057	0.002	0.000	25.296875	BEFORE
49.999893	0.001	0.000	25.21875	BEFORE
50.500017	0.001	0.000	25.3125	BEFORE
51.005018	0.001	0.000	25.3125	BEFORE
51.500032	0.001	0.000	25.2421875	BEFORE
51.999881	0.001	0.000	25.2578125	BEFORE
52.500019	0.001	0.000	25.296875	BEFORE
52.999911	0.002	0.000	25.203125	BEFORE
53.500002	0.001	0.000	25.125	BEFORE
53.999946	0.002	0.000	25.203125	BEFORE
54.500024	0.001	0.000	25.0546875	BEFORE
54.999989	0.001	0.000	25.0390625	BEFORE
55.500062	0.001	0.000	25.1640625	BEFORE
55.999801	0.001	0.000	25.125	BEFORE
56.500079	0.001	0.000	25.1484375	BEFORE
56.999975	0.001	0.000	25.203125	BEFORE
57.500004	0.001	0.000	25.1796875	BEFORE
58.000022	0.001	0.000	25.125	BEFORE
58.500003	0.001	0.000	25.1640625	BEFORE
58.999857	0.002	0.000	25.09375	BEFORE
59.500022	0.001	0.000	25.1484375	BEFORE
59.999894	0.002	0.000	25.0546875	BEFORE
61.000827	7.334	19.181	25.0	EXPOSING
61.500015	7.334	19.192	27.84375	EXPOSING
61.999817	7.334	19.200	28.9453125	EXPOSING
62.500117	7.334	19.205	29.3671875	EXPOSING
62.999792	7.334	19.215	29.859375	EXPOSING
63.500084	7.334	19.218	30.015625	EXPOSING
63.999875	7.334	19.226	30.546875	EXPOSING
64.500017	7.334	19.230	30.6875	EXPOSING
64.999810	7.335	19.237	30.890625	EXPOSING
65.500040	7.335	19.238	31.0859375	EXPOSING
65.999796	7.334	19.247	31.3203125	EXPOSING
66.500005	7.334	19.251	31.3984375	EXPOSING
66.999820	7.334	19.256	31.59375	EXPOSING
67.500866	7.334	19.260	31.6640625	EXPOSING
67.999848	7.334	19.265	31.90625	EXPOSING
68.500012	7.334	19.268	31.90625	EXPOSING
68.999953	7.334	19.272	32.25	EXPOSING
69.500010	7.334	19.276	32.265625	EXPOSING
69.999933	7.334	19.279	32.4296875	EXPOSING
71.000082	0.000	0.000	31.8671875	WAIT
71.500007	0.002	0.000	29.3671875	WAIT
71.999855	0.002	0.000	28.65625	WAIT
72.499999	0.001	0.000	28.4765625	WAIT
73.005077	0.001	0.000	28.09375	WAIT
73.500000	0.001	0.000	27.9140625	WAIT
73.999887	0.001	0.000	27.71875	WAIT
75.000063	7.333	19.246	27.7734375	EXPOSING
75.500369	7.334	19.254	30.09375	EXPOSING
75.999767	7.334	19.261	31.0859375	EXPOSING
76.505258	7.333	19.269	31.359375	EXPOSING
76.999852	7.334	19.274	31.828125	EXPOSING
77.500014	7.333	19.279	31.8828125	EXPOSING
77.999836	7.334	19.286	32.25	EXPOSING
78.500026	7.333	19.288	32.390625	EXPOSING
78.999824	7.334	19.295	32.5703125	EXPOSING
79.504626	7.334	19.300	32.640625	EXPOSING
79.999828	7.334	19.305	32.96875	EXPOSING
80.500084	7.334	19.306	33.0	EXPOSING
80.999921	7.334	19.310	33.078125	EXPOSING
81.500034	7.334	19.314	33.21875	EXPOSING
81.999907	7.334	19.318	33.328125	EXPOSING
82.500095	7.334	19.321	33.3828125	EXPOSING
82.999887	7.334	19.324	33.6875	EXPOSING
83.500010	7.334	19.327	33.578125	EXPOSING
83.999844	7.334	19.330	33.8203125	EXPOSING
85.000184	0.000	0.000	33.171875	WAIT
85.500006	0.002	0.000	30.7265625	WAIT
86.002321	0.001	0.000	29.9296875	WAIT
86.500012	0.002	0.000	29.75	WAIT
86.999836	0.001	0.000	29.2265625	WAIT
87.500018	0.001	0.000	29.171875	WAIT
87.999796	0.001	0.000	28.8203125	WAIT
89.000073	7.333	19.284	28.8203125	EXPOSING
89.500048	7.334	19.292	31.21875	EXPOSING
90.003702	7.334	19.298	32.28125	EXPOSING
90.500054	7.334	19.304	32.640625	EXPOSING
90.999890	7.334	19.308	32.9140625	EXPOSING
91.500011	7.335	19.313	33.09375	EXPOSING
91.999890	7.334	19.316	33.328125	EXPOSING
92.500074	7.334	19.323	33.4375	EXPOSING
92.999820	7.334	19.328	33.7421875	EXPOSING
93.500009	7.335	19.331	33.7265625	EXPOSING
93.999828	7.334	19.335	33.9921875	EXPOSING
94.500059	7.335	19.339	33.9765625	EXPOSING
94.999823	7.334	19.340	34.1953125	EXPOSING
95.500049	7.334	19.346	34.0859375	EXPOSING
95.999773	7.333	19.347	34.3046875	EXPOSING
96.500023	7.335	19.349	34.375	EXPOSING
96.999835	7.334	19.351	34.4296875	EXPOSING
97.500006	7.334	19.355	34.609375	EXPOSING
97.999804	7.335	19.359	34.703125	EXPOSING
99.000085	0.000	0.000	34.3359375	WAIT
99.500016	0.002	0.000	31.4296875	WAIT
100.000005	0.001	0.000	30.875	WAIT
100.500025	0.001	0.000	30.5078125	WAIT
100.999809	0.001	0.000	30.109375	WAIT
101.500029	0.001	0.000	29.953125	WAIT
101.999816	0.001	0.000	29.65625	WAIT
103.000083	7.334	19.308	29.3671875	EXPOSING
103.500036	7.333	19.318	31.8828125	EXPOSING
103.999828	7.334	19.322	32.75	EXPOSING
104.500095	7.334	19.326	33.078125	EXPOSING
104.999826	7.334	19.332	33.421875	EXPOSING
105.500001	7.334	19.336	33.6875	EXPOSING
105.999822	7.334	19.341	33.90625	EXPOSING
106.500177	7.333	19.343	34.0546875	EXPOSING
106.999833	7.334	19.346	34.171875	EXPOSING
107.500030	7.334	19.350	34.28125	EXPOSING
107.999833	7.334	19.352	34.3046875	EXPOSING
108.500145	7.334	19.357	34.375	EXPOSING
108.999861	7.334	19.360	34.59375	EXPOSING
109.500647	7.334	19.362	34.5703125	EXPOSING
109.999860	7.334	19.364	34.7890625	EXPOSING
110.499998	7.334	19.367	34.8046875	EXPOSING
110.999908	7.334	19.370	35.0703125	EXPOSING
111.500013	7.334	19.371	35.0546875	EXPOSING
111.999823	7.334	19.373	35.0390625	EXPOSING
113.000102	0.001	0.000	34.953125	WAIT
113.500020	0.001	0.000	32.171875	WAIT
113.999848	0.001	0.000	31.3046875	WAIT
114.500065	0.001	0.000	31.0859375	WAIT
114.999905	0.001	0.000	30.5859375	WAIT
115.502581	0.001	0.000	30.421875	WAIT
115.999812	0.001	0.000	30.1875	WAIT
117.000125	7.333	19.315	30.078125	EXPOSING
117.500443	7.334	19.327	32.4453125	EXPOSING
117.999774	7.333	19.333	33.3671875	EXPOSING
118.500117	7.333	19.337	33.65625	EXPOSING
119.000127	7.334	19.343	33.921875	EXPOSING
119.500011	7.334	19.347	33.9921875	EXPOSING
119.999819	7.334	19.352	34.390625	EXPOSING
120.500011	7.334	19.354	34.390625	EXPOSING
120.999858	7.334	19.358	34.6640625	EXPOSING
121.501546	7.334	19.363	34.625	EXPOSING
121.999834	7.334	19.365	34.8984375	EXPOSING
122.500054	7.334	19.368	34.84375	EXPOSING
122.999994	7.334	19.372	35.0234375	EXPOSING
123.500325	7.335	19.375	35.0546875	EXPOSING
123.999833	7.333	19.377	35.0703125	EXPOSING
124.500057	7.334	19.380	35.2734375	EXPOSING
124.999769	7.334	19.381	35.1484375	EXPOSING
125.500004	7.334	19.383	35.3828125	EXPOSING
125.999842	7.333	19.384	35.4375	EXPOSING
127.000155	0.000	0.000	35.34375	WAIT
127.500019	0.001	0.000	32.5859375	WAIT
127.999855	0.001	0.000	31.8125	WAIT
128.500400	0.001	0.000	31.484375	WAIT
128.999813	0.001	0.000	30.9609375	WAIT
129.500006	0.001	0.000	30.890625	WAIT
130.002527	0.001	0.000	30.453125	WAIT
131.000098	7.333	19.331	30.4375	EXPOSING
131.500034	7.333	19.341	32.890625	EXPOSING
131.999852	7.334	19.344	33.6875	EXPOSING
132.499999	7.334	19.349	34.015625	EXPOSING
133.009058	7.334	19.356	34.390625	EXPOSING
133.500082	7.334	19.356	34.4140625	EXPOSING
133.999827	7.334	19.362	34.625	EXPOSING
134.503088	7.333	19.364	34.7890625	EXPOSING
135.000018	7.334	19.368	34.9140625	EXPOSING
135.500163	7.334	19.372	35.0390625	EXPOSING
135.999845	7.335	19.376	35.1796875	EXPOSING
136.505125	7.334	19.378	35.3125	EXPOSING
136.999859	7.334	19.379	35.3828125	EXPOSING
137.500054	7.334	19.383	35.4140625	EXPOSING
138.000010	7.334	19.387	35.5234375	EXPOSING
138.505236	7.335	19.387	35.5078125	EXPOSING
138.999794	7.335	19.389	35.6875	EXPOSING
139.500015	7.335	19.393	35.7734375	EXPOSING
139.999995	7.333	19.395	35.7734375	EXPOSING
141.000082	0.000	0.000	35.34375	WAIT
141.504223	0.001	0.000	32.71875	WAIT
141.999979	0.001	0.000	32.15625	WAIT
142.500001	0.001	0.000	31.7734375	WAIT
142.999718	0.001	0.000	31.2734375	WAIT
143.499970	0.001	0.000	31.109375	WAIT
143.999892	0.001	0.000	30.90625	WAIT
145.000074	7.334	19.338	30.796875	EXPOSING
145.500017	7.334	19.345	33.09375	EXPOSING
146.004980	7.334	19.350	33.8671875	EXPOSING
146.500002	7.334	19.356	34.3203125	EXPOSING
146.999817	7.334	19.360	34.6796875	EXPOSING
147.500014	7.334	19.365	34.734375	EXPOSING
147.999973	7.334	19.369	34.984375	EXPOSING
148.500012	7.334	19.372	35.109375	EXPOSING
148.999917	7.334	19.375	35.234375	EXPOSING
149.500012	7.334	19.378	35.4140625	EXPOSING
149.999925	7.335	19.381	35.5234375	EXPOSING
150.500036	7.333	19.384	35.546875	EXPOSING
151.004925	7.334	19.387	35.703125	EXPOSING
151.500092	7.335	19.390	35.6015625	EXPOSING
151.999866	7.334	19.392	35.90625	EXPOSING
152.505267	7.334	19.394	35.921875	EXPOSING
152.999864	7.334	19.396	35.9921875	EXPOSING
153.500012	7.335	19.399	35.96875	EXPOSING
153.999888	7.334	19.402	36.15625	EXPOSING
155.001086	0.001	0.000	35.6640625	WAIT
155.500040	0.002	0.000	33.1171875	WAIT
155.999837	0.001	0.000	32.3515625	WAIT
156.500006	0.001	0.000	32.0859375	WAIT
156.999897	0.001	0.000	31.71875	WAIT
157.500018	0.001	0.000	31.4140625	WAIT
157.999792	0.001	0.000	31.140625	WAIT
159.005204	7.332	19.340	30.9765625	EXPOSING
159.500064	7.334	19.347	33.3125	EXPOSING
159.999803	7.334	19.355	34.2109375	EXPOSING
160.500051	7.334	19.361	34.4609375	EXPOSING
161.001884	7.334	19.365	34.8984375	EXPOSING
161.502166	7.333	19.370	35.0546875	EXPOSING
161.999942	7.334	19.375	35.359375	EXPOSING
162.500235	7.334	19.378	35.3984375	EXPOSING
162.999860	7.334	19.383	35.578125	EXPOSING
163.500071	7.334	19.386	35.6875	EXPOSING
164.000038	7.334	19.390	35.6875	EXPOSING
164.500467	7.335	19.393	35.7734375	EXPOSING
164.999840	7.334	19.395	35.921875	EXPOSING
165.500018	7.334	19.397	35.9921875	EXPOSING
165.999966	7.333	19.401	36.078125	EXPOSING
166.500016	7.334	19.400	36.078125	EXPOSING
166.999849	7.334	19.404	36.2109375	EXPOSING
167.500040	7.335	19.406	36.3515625	EXPOSING
167.999883	7.334	19.406	36.3359375	EXPOSING
169.000078	0.000	0.000	36.2109375	WAIT
169.500008	0.002	0.000	33.3828125	WAIT
169.999798	0.001	0.000	32.5859375	WAIT
170.500061	0.001	0.000	32.296875	WAIT
170.999956	0.001	0.000	31.9921875	WAIT
171.500001	0.001	0.000	31.6875	WAIT
171.999912	0.001	0.000	31.4296875	WAIT
173.000078	7.333	19.347	31.3984375	EXPOSING
173.500017	7.334	19.355	33.7109375	EXPOSING
173.999838	7.334	19.363	34.5	EXPOSING
174.504198	7.334	19.367	34.859375	EXPOSING
174.999924	7.334	19.370	35.2734375	EXPOSING
175.500034	7.334	19.374	35.2734375	EXPOSING
175.999842	7.334	19.379	35.6015625	EXPOSING
176.500584	7.334	19.385	35.65625	EXPOSING
176.999789	7.334	19.387	35.796875	EXPOSING
177.500017	7.334	19.391	35.9375	EXPOSING
177.999869	7.335	19.394	35.96875	EXPOSING
178.500079	7.334	19.396	36.15625	EXPOSING
178.999777	7.334	19.401	36.2421875	EXPOSING
179.503638	7.335	19.404	36.2578125	EXPOSING
179.999840	7.334	19.406	36.3125	EXPOSING
180.503671	7.334	19.407	36.4453125	EXPOSING
180.999931	7.335	19.409	36.390625	EXPOSING
181.500014	7.334	19.411	36.515625	EXPOSING
181.999853	7.334	19.413	36.5859375	EXPOSING
183.000083	0.002	0.000	36.2109375	WAIT
183.500054	0.001	0.000	33.6171875	WAIT
183.999904	0.001	0.000	32.7734375	WAIT
184.500002	0.001	0.000	32.515625	WAIT
184.999856	0.001	0.000	32.140625	WAIT
185.500012	0.001	0.000	31.9765625	WAIT
185.999791	0.001	0.000	31.609375	WAIT
187.000067	7.333	19.345	31.59375	EXPOSING
187.500018	7.334	19.356	33.7109375	EXPOSING
187.999822	7.334	19.360	34.6796875	EXPOSING
188.500013	7.334	19.368	34.875	EXPOSING
188.999899	7.333	19.372	35.3828125	EXPOSING
189.502929	7.333	19.376	35.3984375	EXPOSING
189.999973	7.334	19.380	35.6328125	EXPOSING
190.500045	7.334	19.383	35.8671875	EXPOSING
191.000019	7.334	19.387	35.9375	EXPOSING
191.500066	7.334	19.388	36.1171875	EXPOSING
191.999807	7.335	19.393	36.171875	EXPOSING
192.500016	7.334	19.396	36.296875	EXPOSING
192.999927	7.334	19.398	36.40625	EXPOSING
193.500010	7.334	19.402	36.515625	EXPOSING
193.999881	7.334	19.406	36.515625	EXPOSING
194.505229	7.334	19.406	36.6015625	EXPOSING
194.999839	7.334	19.410	36.65625	EXPOSING
195.500019	7.333	19.411	36.671875	EXPOSING
195.999876	7.334	19.415	36.78125	EXPOSING
197.005192	0.000	0.000	36.390625	WAIT
197.500000	0.001	0.000	33.7265625	WAIT
198.000051	0.001	0.000	33.1484375	WAIT
198.500016	0.001	0.000	32.7890625	WAIT
198.999883	0.001	0.000	32.296875	WAIT
199.500004	0.001	0.000	32.1171875	WAIT
200.499676	0.001	0.000	31.796875	EXPOSING
200.999908	7.333	19.355	33.3671875	EXPOSING
201.500012	7.333	19.364	34.171875	EXPOSING
201.999855	7.333	19.368	34.875	EXPOSING
202.500021	7.334	19.374	35.2578125	EXPOSING
202.999897	7.334	19.377	35.703125	EXPOSING
203.500081	7.333	19.381	35.8515625	EXPOSING
203.999887	7.334	19.386	35.921875	EXPOSING
204.500169	7.334	19.388	36.1171875	EXPOSING
204.999891	7.334	19.391	36.1875	EXPOSING
205.500050	7.334	19.395	36.296875	EXPOSING
205.999757	7.334	19.398	36.5	EXPOSING
206.504548	7.334	19.401	36.4765625	EXPOSING
206.999868	7.334	19.402	36.53125	EXPOSING
207.500018	7.334	19.406	36.75	EXPOSING
207.999810	7.334	19.408	36.6953125	EXPOSING
208.500072	7.333	19.411	36.765625	EXPOSING
208.999895	7.334	19.414	36.8671875	EXPOSING
209.500011	7.334	19.417	36.890625	EXPOSING
209.999864	7.334	19.419	36.921875	EXPOSING
211.000090	0.000	0.000	36.8515625	WAIT
211.500048	0.002	0.000	34.0546875	WAIT
211.999909	0.001	0.000	33.2578125	WAIT
212.500071	0.001	0.000	32.8828125	WAIT
212.999872	0.001	0.000	32.484375	WAIT
213.500038	0.001	0.000	32.046875	WAIT
214.000273	0.001	0.000	31.9921875	WAIT
215.000094	7.334	19.354	32.03125	EXPOSING
215.500009	7.334	19.362	34.25	EXPOSING
215.999901	7.334	19.369	35.0390625	EXPOSING
216.500023	7.334	19.375	35.3984375	EXPOSING
216.999832	7.334	19.380	35.8671875	EXPOSING
217.500063	7.334	19.383	35.8515625	EXPOSING
217.999810	7.334	19.386	36.2109375	EXPOSING
218.500125	7.334	19.392	36.2109375	EXPOSING
218.999868	7.334	19.395	36.4609375	EXPOSING
219.500063	7.334	19.397	36.546875	EXPOSING
219.999939	7.334	19.400	36.6171875	EXPOSING
220.500021	7.334	19.403	36.6171875	EXPOSING
220.999850	7.334	19.406	36.671875	EXPOSING
221.500050	7.334	19.411	36.75	EXPOSING
222.000154	7.334	19.412	36.921875	EXPOSING
222.500033	7.335	19.415	36.9765625	EXPOSING
222.999763	7.334	19.417	37.0859375	EXPOSING
223.500031	7.334	19.419	37.0546875	EXPOSING
223.999879	7.334	19.421	37.140625	EXPOSING
225.000082	0.001	0.000	36.671875	WAIT
225.500011	0.001	0.000	34.0703125	WAIT
226.005021	0.001	0.000	33.34375	WAIT
226.500007	0.001	0.000	33.0625	WAIT
226.999883	0.001	0.000	32.5390625	WAIT
227.500013	0.001	0.000	32.5	WAIT
227.999876	0.001	0.000	32.2109375	WAIT
229.000095	7.333	19.357	32.140625	EXPOSING
229.500009	7.334	19.367	34.4296875	EXPOSING
229.999886	7.334	19.372	35.1640625	EXPOSING
230.500011	7.334	19.379	35.4921875	EXPOSING
230.999799	7.334	19.381	36.0234375	EXPOSING
231.500622	7.334	19.385	36.0078125	EXPOSING
231.999738	7.334	19.387	36.3515625	EXPOSING
232.500012	7.334	19.392	36.3671875	EXPOSING
232.999831	7.334	19.397	36.4765625	EXPOSING
233.500052	7.334	19.399	36.53125	EXPOSING
233.999811	7.334	19.400	36.7265625	EXPOSING
234.500023	7.334	19.403	36.8515625	EXPOSING
234.999878	7.335	19.408	37.0	EXPOSING
235.500065	7.334	19.411	36.9609375	EXPOSING
235.999834	7.334	19.412	37.140625	EXPOSING
236.500065	7.334	19.416	37.0703125	EXPOSING
236.999820	7.334	19.416	37.171875	EXPOSING
237.500032	7.334	19.419	37.359375	EXPOSING
238.004926	7.334	19.423	37.265625	EXPOSING
239.000123	0.000	0.000	37.2265625	WAIT
239.500009	0.002	0.000	34.484375	WAIT
240.005011	0.001	0.000	33.6015625	WAIT
240.500010	0.001	0.000	33.234375	WAIT
240.999889	0.002	0.000	32.9296875	WAIT
241.500008	0.001	0.000	32.7890625	WAIT
241.999995	0.002	0.000	32.375	WAIT
243.000119	7.334	19.361	32.3359375	EXPOSING
243.505217	7.334	19.367	34.5703125	EXPOSING
243.999817	7.334	19.375	35.46875	EXPOSING
244.500068	7.334	19.378	35.6875	EXPOSING
244.999754	7.334	19.383	36.1328125	EXPOSING
245.505217	7.334	19.387	36.2578125	EXPOSING
245.999860	7.334	19.393	36.421875	EXPOSING
246.500078	7.334	19.396	36.515625	EXPOSING
246.999828	7.335	19.400	36.7109375	EXPOSING
247.500201	7.334	19.403	36.8203125	EXPOSING
247.999826	7.334	19.406	37.015625	EXPOSING
248.500006	7.334	19.409	37.0546875	EXPOSING
248.999902	7.335	19.414	37.2109375	EXPOSING
249.500155	7.334	19.416	37.109375	EXPOSING
249.999818	7.334	19.418	37.359375	EXPOSING
250.500179	7.334	19.420	37.4140625	EXPOSING
250.999848	7.334	19.423	37.421875	EXPOSING
251.504724	7.334	19.424	37.421875	EXPOSING
252.005277	7.334	19.428	37.5546875	EXPOSING
253.000034	0.000	0.000	37.0546875	WAIT
253.505181	0.001	0.000	34.609375	WAIT
253.999843	0.001	0.000	33.7265625	WAIT
254.500027	0.001	0.000	33.453125	WAIT
254.999817	0.001	0.000	32.84375	WAIT
255.500008	0.001	0.000	32.7890625	WAIT
255.999833	0.001	0.000	32.484375	WAIT
257.000195	7.333	19.366	32.40625	EXPOSING
257.500028	7.334	19.375	34.703125	EXPOSING
257.999834	7.334	19.378	35.6875	EXPOSING
258.500067	7.334	19.386	35.8515625	EXPOSING
258.999782	7.334	19.388	36.3515625	EXPOSING
259.505148	7.335	19.394	36.4609375	EXPOSING
260.004827	-1	-1	-274	ERROR
260.499996	7.334	19.402	36.7265625	EXPOSING
260.999848	7.334	19.406	36.8515625	EXPOSING
261.500014	7.334	19.407	36.890625	EXPOSING
261.999830	7.334	19.409	37.015625	EXPOSING
262.504596	7.335	19.415	37.2265625	EXPOSING
262.999909	7.335	19.417	37.28125	EXPOSING
263.500058	7.334	19.417	37.3046875	EXPOSING
263.999806	7.334	19.421	37.3203125	EXPOSING
264.500034	7.334	19.422	37.4140625	EXPOSING
264.999777	7.334	19.426	37.4609375	EXPOSING
265.500050	7.334	19.429	37.625	EXPOSING
265.999820	7.334	19.429	37.6953125	EXPOSING
267.005191	0.000	0.000	37.4140625	WAIT
267.499995	0.002	0.000	34.703125	WAIT
267.999806	0.002	0.000	33.796875	WAIT
268.500057	0.002	0.000	33.5625	WAIT
269.005001	0.001	0.000	33.1484375	WAIT
269.500050	0.001	0.000	33.0625	WAIT
269.999915	0.002	0.000	32.6640625	WAIT
271.000059	7.333	19.359	32.6640625	EXPOSING
271.500056	7.334	19.374	34.71875	EXPOSING
271.999802	7.334	19.381	35.71875	EXPOSING
272.505221	7.334	19.385	36.046875	EXPOSING
272.999829	7.334	19.390	36.40625	EXPOSING
273.500005	7.335	19.396	36.5859375	EXPOSING
273.999861	7.335	19.399	36.7265625	EXPOSING
274.500013	7.334	19.402	36.8515625	EXPOSING
274.999890	7.334	19.408	36.9765625	EXPOSING
275.500205	7.334	19.409	37.0703125	EXPOSING
275.999789	7.334	19.412	37.3359375	EXPOSING
276.500013	7.334	19.415	37.265625	EXPOSING
277.000163	7.335	19.420	37.375	EXPOSING
277.500071	7.335	19.422	37.5546875	EXPOSING
277.999752	7.334	19.426	37.53125	EXPOSING
278.505192	7.334	19.429	37.5	EXPOSING
278.999869	7.334	19.431	37.765625	EXPOSING
279.500026	7.334	19.431	37.640625	EXPOSING
279.999794	7.334	19.434	37.8046875	EXPOSING
281.000084	0.000	0.000	37.6640625	WAIT
281.500018	0.002	0.000	34.8203125	WAIT
281.999814	0.001	0.000	33.921875	WAIT
282.500064	0.002	0.000	33.6171875	WAIT
282.999858	0.002	0.000	33.3125	WAIT
283.500065	0.001	0.000	33.1875	WAIT
283.999896	0.001	0.000	32.8046875	WAIT
285.000086	7.332	19.372	32.6953125	EXPOSING
285.500058	7.334	19.381	34.9296875	EXPOSING
285.999845	7.334	19.389	35.8671875	EXPOSING
286.505261	7.334	19.393	36.2109375	EXPOSING
286.999872	7.334	19.398	36.4453125	EXPOSING
287.500007	7.333	19.401	36.640625	EXPOSING
287.999797	7.334	19.405	36.8671875	EXPOSING
288.500016	7.334	19.410	37.03125	EXPOSING
288.999821	7.334	19.413	37.1953125	EXPOSING
289.500134	7.334	19.417	37.3203125	EXPOSING
289.999820	7.334	19.419	37.28125	EXPOSING
290.500032	7.334	19.424	37.375	EXPOSING
291.000468	7.334	19.427	37.421875	EXPOSING
291.500125	7.334	19.429	37.5546875	EXPOSING
291.999743	7.334	19.432	37.6640625	EXPOSING
292.505188	7.334	19.434	37.6953125	EXPOSING
292.999847	7.335	19.437	37.8203125	EXPOSING
293.500021	7.334	19.440	37.8359375	EXPOSING
293.999795	7.334	19.441	37.8359375	EXPOSING
295.000080	0.000	0.000	37.609375	WAIT
295.500501	0.001	0.000	34.8984375	WAIT
295.999876	0.001	0.000	34.109375	WAIT
296.500104	0.001	0.000	33.8828125	WAIT
296.999860	0.001	0.000	33.3984375	WAIT
297.500070	0.001	0.000	33.1328125	WAIT
297.999786	0.001	0.000	32.8828125	WAIT
299.000073	7.334	19.375	32.84375	EXPOSING
299.500089	7.333	19.384	35.109375	EXPOSING
299.999760	7.334	19.391	35.96875	EXPOSING
300.500016	7.334	19.396	36.2578125	EXPOSING
300.999794	7.334	19.399	36.5859375	EXPOSING
301.500005	7.335	19.405	36.8359375	EXPOSING
302.000018	7.334	19.410	36.9765625	EXPOSING
302.500051	7.334	19.413	37.2109375	EXPOSING
303.005123	7.334	19.415	37.265625	EXPOSING
303.499984	7.334	19.420	37.3359375	EXPOSING
303.999957	7.334	19.422	37.390625	EXPOSING
304.500031	7.334	19.423	37.609375	EXPOSING
304.999838	7.334	19.427	37.5703125	EXPOSING
305.500016	7.334	19.430	37.5859375	EXPOSING
305.999938	7.334	19.431	37.6640625	EXPOSING
306.500016	7.334	19.435	37.7109375	EXPOSING
306.999890	7.334	19.437	37.8359375	EXPOSING
307.505154	7.334	19.438	37.96875	EXPOSING
307.999855	7.334	19.441	37.9140625	EXPOSING
309.000074	0.001	0.000	37.6796875	WAIT
309.500032	0.001	0.000	34.984375	WAIT
310.001892	0.001	0.000	34.140625	WAIT
310.500077	0.001	0.000	33.9609375	WAIT
310.999828	0.001	0.000	33.453125	WAIT
311.500017	0.001	0.000	33.203125	WAIT
311.999838	0.001	0.000	33.09375	WAIT
313.000123	7.333	19.377	32.96875	EXPOSING
313.500022	7.334	19.384	35.2890625	EXPOSING
313.999969	7.334	19.387	35.953125	EXPOSING
314.500031	7.334	19.393	36.40625	EXPOSING
315.000016	7.334	19.400	36.671875	EXPOSING
315.505257	7.334	19.402	36.8359375	EXPOSING
315.999956	7.333	19.407	37.0703125	EXPOSING
316.500016	7.334	19.411	37.140625	EXPOSING
316.999849	7.334	19.416	37.28125	EXPOSING
317.500048	7.334	19.418	37.4453125	EXPOSING
318.005013	7.334	19.422	37.5703125	EXPOSING
318.500000	7.334	19.426	37.515625	EXPOSING
318.999834	7.334	19.428	37.7109375	EXPOSING
319.500009	7.334	19.431	37.75	EXPOSING
320.004568	-1	-1	-274	ERROR
320.500009	7.335	19.436	37.8203125	EXPOSING
320.999856	7.334	19.440	37.890625	EXPOSING
321.500021	7.335	19.443	38.109375	EXPOSING
321.999809	7.334	19.445	38.0	EXPOSING
323.000063	0.000	0.000	37.8359375	WAIT
323.500018	0.001	0.000	35.1796875	WAIT
323.999920	0.001	0.000	34.4453125	WAIT
324.500231	0.001	0.000	33.921875	WAIT
325.000027	0.001	0.000	33.796875	WAIT
325.500020	0.001	0.000	33.5625	WAIT
326.505196	7.330	19.342	33.0390625	EXPOSING
326.999856	7.334	19.385	35.0234375	EXPOSING
327.500009	7.334	19.394	35.6328125	EXPOSING
328.000010	7.334	19.399	36.2421875	EXPOSING
328.499997	7.334	19.401	36.6953125	EXPOSING
329.005137	7.334	19.406	36.9609375	EXPOSING
329.499998	7.334	19.410	37.125	EXPOSING
329.999794	7.334	19.415	37.3046875	EXPOSING
330.500029	7.334	19.417	37.5	EXPOSING
330.999940	7.334	19.421	37.5546875	EXPOSING
331.500023	7.334	19.425	37.5859375	EXPOSING
331.999814	7.334	19.425	37.765625	EXPOSING
332.500083	7.334	19.429	37.640625	EXPOSING
332.999882	7.334	19.433	37.9140625	EXPOSING
333.500066	7.334	19.435	37.875	EXPOSING
333.999810	7.334	19.437	38.03125	EXPOSING
334.500030	7.334	19.439	37.984375	EXPOSING
334.999842	7.334	19.441	38.1953125	EXPOSING
335.500129	7.334	19.443	38.234375	EXPOSING
336.500101	0.133	0.009	37.8046875	WAIT
336.999841	0.002	0.000	35.4140625	WAIT
337.500046	0.002	0.000	34.84375	WAIT
337.999891	0.001	0.000	34.28125	WAIT
338.500014	0.001	0.000	34.109375	WAIT
338.999851	0.001	0.000	33.65625	WAIT
339.500083	0.001	0.000	33.3671875	WAIT
339.999881	0.001	0.000	33.171875	WAIT
341.500366	0.001	0.000	33.0390625	WAIT
342.999870	0.132	0.000	32.6640625	WAIT
344.500096	0.000	0.000	32.5390625	WAIT
346.005042	0.000	0.000	32.171875	WAIT
347.500276	0.001	0.000	32.0078125	WAIT
349.000269	0.000	0.000	31.7421875	WAIT
350.500162	0.001	0.000	31.6640625	WAIT
351.999981	0.000	0.002	31.2734375	WAIT
353.500063	0.001	0.000	31.109375	WAIT
354.999914	0.131	0.002	30.9296875	WAIT
356.500158	0.001	0.000	30.875	WAIT
357.999819	0.130	0.001	30.53125	WAIT
359.500106	0.000	0.000	30.7265625	WAIT
360.999882	0.000	0.000	30.4921875	WAIT
362.500130	0.001	0.000	30.421875	WAIT
363.999869	0.000	0.000	30.2421875	WAIT
365.500174	0.000	0.000	30.21875	WAIT
366.999964	0.000	0.000	29.9609375	WAIT
368.505288	0.001	0.000	30.015625	WAIT
369.999998	0.000	0.000	29.765625	WAIT
371.500116	0.000	0.000	29.75	WAIT
372.999871	0.000	0.002	29.7265625	WAIT
374.501215	0.000	0.000	29.515625	WAIT
375.999892	0.000	0.002	29.5703125	WAIT
377.500113	0.000	0.000	29.4609375	WAIT
378.999928	0.042	0.002	29.3828125	WAIT
380.500152	0.000	0.000	29.5859375	WAIT
382.000000	0.000	0.002	29.328125	WAIT
383.500113	0.001	0.000	29.2734375	WAIT
384.999728	0.131	0.003	29.1875	WAIT
386.500088	0.001	0.000	29.09375	WAIT
387.999905	0.000	0.000	29.0390625	WAIT
389.500130	0.000	0.000	29.0234375	WAIT
391.002302	0.131	0.001	28.9296875	WAIT
392.505270	0.000	0.000	29.0078125	WAIT
393.999893	0.000	0.000	28.9296875	WAIT
395.500515	0.000	0.000	28.75	WAIT
397.000032	0.000	0.000	28.75	WAIT
398.500098	0.000	0.000	28.6953125	WAIT
