#Resonance Frequency: 160500.000 kHz
#Set Current: 24.21 A
Time [s]	Current [A]	Voltage [V]	T0 [degC]	State
0.000035	0.001	0.000	30.7421875	BEFORE
0.495953	0.002	0.000	30.8359375	BEFORE
0.994865	0.001	0.000	30.7265625	BEFORE
1.498875	0.002	0.000	30.78125	BEFORE
1.994855	0.001	0.000	30.765625	BEFORE
2.500911	0.001	0.000	30.7265625	BEFORE
2.994798	0.001	0.000	30.671875	BEFORE
3.500101	0.002	0.000	30.5859375	BEFORE
3.994875	0.002	0.000	30.6875	BEFORE
4.495467	0.001	0.000	30.6328125	BEFORE
4.994859	0.002	0.000	30.7265625	BEFORE
5.500113	0.001	0.000	30.7265625	BEFORE
5.994686	0.002	0.000	30.6015625	BEFORE
6.503145	0.001	0.000	30.671875	BEFORE
6.994808	0.001	0.000	30.65625	BEFORE
7.504505	0.002	0.000	30.7109375	BEFORE
7.994884	0.002	0.000	30.5625	BEFORE
8.497176	0.001	0.000	30.53125	BEFORE
8.994854	0.001	0.000	30.6015625	BEFORE
9.500190	0.002	0.000	30.4375	BEFORE
9.994855	0.002	0.000	30.4921875	BEFORE
10.496598	0.001	0.000	30.546875	BEFORE
10.994834	0.001	0.000	30.5625	BEFORE
11.500156	0.001	0.000	30.3828125	BEFORE
11.994847	0.002	0.000	30.453125	BEFORE
12.522759	0.001	0.000	30.34375	BEFORE
12.994917	0.002	0.000	30.3671875	BEFORE
13.512039	0.002	0.000	30.328125	BEFORE
13.994864	0.002	0.000	30.3671875	BEFORE
14.500154	0.002	0.000	30.3828125	BEFORE
14.994813	0.001	0.000	30.328125	BEFORE
15.501305	0.001	0.000	30.3828125	BEFORE
15.994854	0.002	0.000	30.1875	BEFORE
16.506877	0.001	0.000	30.2578125	BEFORE
16.994864	0.001	0.000	30.1640625	BEFORE
17.504138	0.002	0.000	30.1875	BEFORE
17.994901	0.001	0.000	30.2734375	BEFORE
18.501400	0.002	0.000	30.2421875	BEFORE
18.994850	0.001	0.000	30.1640625	BEFORE
19.500680	0.002	0.000	30.1640625	BEFORE
19.994876	0.001	0.000	30.09375	BEFORE
20.501422	0.002	0.000	30.09375	BEFORE
20.994845	0.002	0.000	30.1484375	BEFORE
21.501565	0.002	0.000	30.1328125	BEFORE
21.994872	0.001	0.000	30.078125	BEFORE
22.500551	0.001	0.000	30.09375	BEFORE
22.994869	0.002	0.000	30.1875	BEFORE
23.500113	0.001	0.000	30.109375	BEFORE
23.994884	0.001	0.000	30.0390625	BEFORE
24.500454	0.001	0.000	30.0390625	BEFORE
24.994854	0.001	0.000	30.0	BEFORE
25.495707	0.002	0.000	30.0	BEFORE
25.994807	0.001	0.000	29.984375	BEFORE
26.498024	0.001	0.000	29.984375	BEFORE
26.994981	0.001	0.000	29.9296875	BEFORE
27.500472	0.001	0.000	29.8359375	BEFORE
27.994796	0.001	0.000	29.8984375	BEFORE
28.495104	0.002	0.000	29.8984375	BEFORE
28.994851	0.001	0.000	29.875	BEFORE
29.499216	0.001	0.000	29.9296875	BEFORE
29.994866	0.001	0.000	29.953125	BEFORE
30.496219	0.002	0.000	29.8984375	BEFORE
30.994858	0.001	0.000	29.75	BEFORE
31.497154	0.001	0.000	29.8046875	BEFORE
31.994842	0.001	0.000	29.78125	BEFORE
32.516043	0.002	0.000	29.78125	BEFORE
32.994828	0.001	0.000	29.7265625	BEFORE
33.502281	0.001	0.000	29.8046875	BEFORE
33.994858	0.002	0.000	29.765625	BEFORE
34.503341	0.001	0.000	29.78125	BEFORE
34.994853	0.002	0.000	29.78125	BEFORE
35.502318	0.001	0.000	29.6953125	BEFORE
35.994861	0.001	0.000	29.65625	BEFORE
36.499874	0.002	0.000	29.53125	BEFORE
36.994865	0.001	0.000	29.7109375	BEFORE
37.499244	0.001	0.000	29.6953125	BEFORE
37.994826	0.001	0.000	29.65625	BEFORE
38.518123	0.001	0.000	29.5703125	BEFORE
38.994802	0.001	0.000	29.6171875	BEFORE
39.506876	0.002	0.000	29.53125	BEFORE
39.994962	0.002	0.000	29.53125	BEFORE
40.505936	0.002	0.000	29.546875	BEFORE
40.994935	0.001	0.000	29.6015625	BEFORE
41.503182	0.001	0.000	29.5859375	BEFORE
41.994910	0.001	0.000	29.421875	BEFORE
42.500173	0.001	0.000	29.4375	BEFORE
42.994891	0.001	0.000	29.4609375	BEFORE
43.498487	0.001	0.000	29.4375	BEFORE
43.994872	0.001	0.000	29.4921875	BEFORE
44.495708	0.001	0.000	29.4765625	BEFORE
44.994854	0.001	0.000	29.3828125	BEFORE
45.503672	0.001	0.000	29.296875	BEFORE
45.994826	0.002	0.000	29.3671875	BEFORE
46.500188	0.001	0.000	29.328125	BEFORE
46.994876	0.002	0.000	29.421875	BEFORE
47.504818	0.001	0.000	29.3671875	BEFORE
47.994909	0.001	0.000	29.2578125	BEFORE
48.500120	0.001	0.000	29.2734375	BEFORE
48.994880	0.001	0.000	29.3125	BEFORE
49.496566	0.001	0.000	29.296875	BEFORE
49.994816	0.001	0.000	29.3828125	BEFORE
50.500146	0.002	0.000	29.40625	BEFORE
50.994861	0.001	0.000	29.40625	BEFORE
51.500179	0.002	0.000	29.3125	BEFORE
51.994851	0.001	0.000	29.2421875	BEFORE
52.495434	0.001	0.000	29.2265625	BEFORE
52.994898	0.001	0.000	29.296875	BEFORE
53.501245	0.000	0.000	29.1875	BEFORE
53.994875	0.001	0.000	29.1328125	BEFORE
54.503828	0.001	0.000	29.09375	BEFORE
54.994851	0.001	0.000	29.2265625	BEFORE
55.505006	0.001	0.000	29.203125	BEFORE
55.994860	0.002	0.000	29.203125	BEFORE
56.495165	0.001	0.000	29.0390625	BEFORE
56.994905	0.001	0.000	29.203125	BEFORE
57.495731	0.001	0.000	29.0234375	BEFORE
57.994972	0.002	0.000	29.1875	BEFORE
58.495006	0.001	0.000	29.0625	BEFORE
58.994795	0.001	0.000	29.0234375	BEFORE
59.497626	0.001	0.000	28.984375	BEFORE
59.994799	0.001	0.000	29.0625	BEFORE
60.994993	24.126	33.237	29.0234375	EXPOSING
61.521056	24.126	33.362	32.28125	EXPOSING
61.994837	24.126	33.434	35.1640625	EXPOSING
62.495025	24.127	33.497	36.9765625	EXPOSING
62.994855	24.129	33.575	39.8359375	EXPOSING
63.495931	24.129	33.645	41.3515625	EXPOSING
63.994821	24.128	33.694	44.234375	EXPOSING
64.509420	24.129	33.734	45.5625	EXPOSING
64.994826	24.128	33.774	48.265625	EXPOSING
65.500557	24.128	33.801	49.796875	EXPOSING
65.994804	24.128	33.825	52.34375	EXPOSING
66.503535	24.128	33.845	53.8125	EXPOSING
66.994716	-1	-1	-274	ERROR
67.503227	24.129	33.874	57.1171875	EXPOSING
67.994872	24.128	33.891	59.78125	EXPOSING
68.495090	24.128	33.903	61.515625	EXPOSING
68.994856	24.128	33.918	63.6640625	EXPOSING
69.500098	24.128	33.931	65.03125	EXPOSING
69.994828	24.128	33.941	67.234375	EXPOSING
70.995004	0.019	0.005	68.234375	WAIT
71.495171	0.018	0.003	66.1328125	WAIT
71.994874	0.017	0.002	64.890625	WAIT
72.501084	0.018	0.002	63.9453125	WAIT
72.994835	0.001	0.001	62.46875	WAIT
73.504053	0.002	0.000	61.6953125	WAIT
73.994871	0.002	0.000	60.5625	WAIT
74.995058	24.126	33.476	59.6953125	EXPOSING
75.496536	24.127	33.605	61.5	EXPOSING
75.994874	24.128	33.685	63.6171875	EXPOSING
76.495047	24.128	33.752	64.9765625	EXPOSING
76.994827	24.128	33.804	66.9453125	EXPOSING
77.495052	24.129	33.840	68.09375	EXPOSING
77.994869	24.129	33.885	69.984375	EXPOSING
78.499895	24.128	33.900	71.234375	EXPOSING
78.994898	24.129	33.929	72.875	EXPOSING
79.495482	24.128	33.948	74.15625	EXPOSING
79.994946	24.128	33.969	75.7578125	EXPOSING
80.496077	24.129	34.002	76.6875	EXPOSING
80.994894	24.130	34.015	78.1953125	EXPOSING
81.495888	24.128	34.029	79.078125	EXPOSING
81.994841	24.129	34.031	80.484375	EXPOSING
82.495296	24.130	34.048	81.3203125	EXPOSING
82.994850	24.129	34.041	82.4609375	EXPOSING
83.509001	24.129	34.038	83.234375	EXPOSING
83.994808	24.127	34.058	84.4921875	EXPOSING
84.995048	0.018	0.006	84.8671875	WAIT
85.495838	0.018	0.003	81.640625	WAIT
85.994907	0.017	0.002	79.8359375	WAIT
86.500145	0.017	0.002	78.46875	WAIT
86.994910	0.002	0.000	76.890625	WAIT
87.500203	0.002	0.000	75.5625	WAIT
87.994899	0.001	0.000	74.171875	WAIT
88.994961	24.126	33.535	73.046875	EXPOSING
89.501050	24.128	33.662	73.8984375	EXPOSING
89.994866	24.128	33.744	75.6015625	EXPOSING
90.502084	24.128	33.821	76.859375	EXPOSING
90.994836	24.128	33.872	78.734375	EXPOSING
91.505408	24.129	33.907	79.5703125	EXPOSING
91.994909	24.131	33.947	80.8984375	EXPOSING
92.496128	24.129	33.972	82.109375	EXPOSING
92.994869	24.130	33.994	83.46875	EXPOSING
93.496219	24.130	34.014	84.3984375	EXPOSING
93.994900	24.130	34.035	85.3828125	EXPOSING
94.498220	24.128	34.051	86.390625	EXPOSING
94.994848	24.128	34.063	87.546875	EXPOSING
95.497548	24.128	34.078	88.296875	EXPOSING
95.994884	24.129	34.085	89.25	EXPOSING
96.496446	24.129	34.090	89.9140625	EXPOSING
96.994846	24.128	34.120	90.796875	EXPOSING
97.498727	24.128	34.125	91.3671875	EXPOSING
97.994911	24.129	34.133	92.09375	EXPOSING
98.995024	0.018	0.005	92.4609375	WAIT
99.500226	0.017	0.003	88.8984375	WAIT
99.994811	0.017	0.002	86.671875	WAIT
100.495249	0.017	0.002	85.5546875	WAIT
100.994914	0.001	0.000	83.9453125	WAIT
101.495273	0.001	0.000	82.4140625	WAIT
101.994924	0.001	0.000	81.0703125	WAIT
102.995008	24.125	33.640	79.7890625	EXPOSING
103.495528	24.127	33.753	80.8515625	EXPOSING
103.994924	24.128	33.808	82.4140625	EXPOSING
104.500243	24.128	33.872	83.65625	EXPOSING
104.994906	24.129	33.926	85.015625	EXPOSING
105.520634	24.128	33.969	86.125	EXPOSING
105.994886	24.129	33.998	87.578125	EXPOSING
106.504246	24.129	34.024	88.3671875	EXPOSING
106.994895	24.128	34.051	89.3984375	EXPOSING
107.495909	24.130	34.079	90.46875	EXPOSING
107.994894	24.128	34.100	91.3828125	EXPOSING
108.496243	24.128	34.114	92.25	EXPOSING
108.994856	24.130	34.126	93.3125	EXPOSING
109.503697	24.130	34.134	93.84375	EXPOSING
109.994854	24.130	34.136	94.7265625	EXPOSING
110.503480	24.129	34.164	95.21875	EXPOSING
110.994839	24.129	34.167	96.078125	EXPOSING
111.502294	24.130	34.180	96.5625	EXPOSING
111.994853	24.130	34.187	97.171875	EXPOSING
112.995041	0.019	0.005	97.515625	WAIT
113.500393	0.018	0.003	94.09375	WAIT
113.994789	0.017	0.002	91.75	WAIT
114.495454	0.017	0.002	90.6328125	WAIT
114.994925	0.003	0.000	88.8515625	WAIT
115.495170	0.001	0.000	87.546875	WAIT
115.994948	0.002	0.000	86.0078125	WAIT
116.995038	24.128	33.695	84.828125	EXPOSING
117.495128	24.128	33.816	85.6328125	EXPOSING
117.994853	24.130	33.891	87.328125	EXPOSING
118.495921	24.130	33.953	88.25	EXPOSING
118.994916	24.130	33.987	89.703125	EXPOSING
119.497343	24.130	34.027	90.71875	EXPOSING
119.997339	24.129	34.064	91.9453125	EXPOSING
120.495373	24.131	34.097	92.875	EXPOSING
120.994943	24.131	34.117	93.84375	EXPOSING
121.495334	24.131	34.145	94.65625	EXPOSING
121.994901	24.131	34.161	95.8515625	EXPOSING
122.496359	24.131	34.173	96.546875	EXPOSING
122.994954	24.131	34.188	97.2890625	EXPOSING
123.497001	24.131	34.199	97.8984375	EXPOSING
123.994849	24.131	34.211	98.7578125	EXPOSING
124.495078	24.130	34.218	99.3046875	EXPOSING
124.994822	24.130	34.228	99.9921875	EXPOSING
125.495772	24.131	34.227	100.5390625	EXPOSING
125.994884	24.130	34.241	101.1015625	EXPOSING
126.995020	0.018	0.005	101.328125	WAIT
127.496624	0.017	0.003	97.6171875	WAIT
127.994846	0.017	0.002	95.4375	WAIT
128.496532	0.017	0.002	94.2109375	WAIT
128.994948	0.017	0.002	92.265625	WAIT
129.496034	0.002	0.000	91.203125	WAIT
129.994890	0.001	0.000	89.484375	WAIT
130.995018	24.128	33.758	88.515625	EXPOSING
131.504440	24.130	33.883	89.5	EXPOSING
131.994695	24.130	33.941	91.5625	EXPOSING
132.498167	24.131	34.000	92.1484375	EXPOSING
132.994887	24.130	34.052	93.59375	EXPOSING
133.495639	24.130	34.087	94.4765625	EXPOSING
133.994850	24.131	34.118	95.6796875	EXPOSING
134.496168	24.131	34.144	96.5625	EXPOSING
134.994861	24.131	34.166	97.703125	EXPOSING
135.496725	24.131	34.184	98.328125	EXPOSING
135.994861	24.130	34.197	99.3984375	EXPOSING
136.495639	24.130	34.203	100.03125	EXPOSING
136.994841	24.131	34.223	101.0	EXPOSING
137.496204	24.131	34.236	101.5234375	EXPOSING
137.994809	24.131	34.242	102.3203125	EXPOSING
138.496527	24.131	34.252	102.7578125	EXPOSING
138.994904	24.131	34.257	103.5	EXPOSING
139.502456	24.131	34.270	104.0078125	EXPOSING
139.994780	24.130	34.262	104.6640625	EXPOSING
140.995011	0.019	0.006	104.7734375	WAIT
141.495382	0.018	0.003	101.1328125	WAIT
141.994848	0.017	0.003	99.0234375	WAIT
142.495819	0.017	0.002	97.6171875	WAIT
142.994864	0.002	0.000	95.8203125	WAIT
143.495458	0.002	0.000	94.640625	WAIT
143.994869	0.001	0.000	92.9453125	WAIT
144.995002	24.128	33.765	91.8984375	EXPOSING
145.500036	24.129	33.910	92.765625	EXPOSING
145.994786	24.130	33.991	94.5703125	EXPOSING
146.508010	24.130	34.050	95.40625	EXPOSING
146.994829	24.130	34.082	96.890625	EXPOSING
147.495147	24.130	34.119	97.8046875	EXPOSING
147.994853	24.130	34.154	98.9765625	EXPOSING
148.495501	24.130	34.172	99.828125	EXPOSING
148.994837	24.131	34.194	100.90625	EXPOSING
149.496706	24.131	34.222	101.546875	EXPOSING
149.994876	24.130	34.233	102.640625	EXPOSING
150.496040	24.131	34.251	103.171875	EXPOSING
150.994895	24.130	34.253	104.0546875	EXPOSING
151.495231	24.131	34.262	104.6953125	EXPOSING
151.994823	24.130	34.191	105.453125	EXPOSING
152.496085	24.131	34.289	105.890625	EXPOSING
152.994872	24.130	34.289	106.546875	EXPOSING
153.496311	24.131	34.301	107.1171875	EXPOSING
153.994870	24.130	34.311	107.5546875	EXPOSING
154.995012	0.019	0.005	107.8515625	WAIT
155.495862	0.017	0.003	104.3359375	WAIT
155.994904	0.017	0.002	102.3203125	WAIT
156.495850	0.017	0.001	100.8203125	WAIT
156.994902	0.000	0.002	98.90625	WAIT
157.495105	0.001	0.000	97.8046875	WAIT
157.994830	0.001	0.000	96.046875	WAIT
158.995047	24.127	33.834	95.1015625	EXPOSING
159.497051	24.130	33.959	95.9296875	EXPOSING
159.994843	24.129	34.032	97.6328125	EXPOSING
160.497444	24.130	34.086	98.515625	EXPOSING
160.994797	24.129	34.129	100.109375	EXPOSING
161.495399	24.130	34.171	100.90625	EXPOSING
161.994911	24.130	34.196	101.90625	EXPOSING
162.495675	24.130	34.218	102.7578125	EXPOSING
162.994936	24.130	34.236	103.8125	EXPOSING
163.495847	24.130	34.259	104.6171875	EXPOSING
163.994912	24.129	34.277	105.515625	EXPOSING
164.496824	24.131	34.290	106.1875	EXPOSING
164.994892	24.130	34.299	106.9375	EXPOSING
165.500256	24.131	34.307	107.640625	EXPOSING
165.994879	24.131	34.309	108.3203125	EXPOSING
166.501314	24.131	34.324	108.78125	EXPOSING
166.994848	24.131	34.325	109.53125	EXPOSING
167.496296	24.130	34.344	109.953125	EXPOSING
167.994988	24.132	34.336	110.4921875	EXPOSING
168.995024	0.019	0.006	110.8203125	WAIT
169.495153	0.018	0.003	107.1171875	WAIT
169.994937	0.017	0.002	105.25	WAIT
170.497028	0.017	0.002	103.796875	WAIT
170.994843	0.017	0.000	101.703125	WAIT
171.515414	0.001	0.000	100.703125	WAIT
171.994780	0.001	0.000	98.7265625	WAIT
172.994998	24.128	33.835	97.9453125	EXPOSING
173.498582	24.129	33.973	98.7734375	EXPOSING
174.004045	24.130	34.045	100.40625	EXPOSING
174.496376	24.130	34.092	101.3125	EXPOSING
174.994788	24.131	34.135	102.7265625	EXPOSING
175.499207	24.131	34.179	103.46875	EXPOSING
175.994856	24.130	34.209	104.6953125	EXPOSING
176.495672	24.131	34.228	105.6640625	EXPOSING
176.994885	24.130	34.254	106.6484375	EXPOSING
177.499090	24.130	34.262	107.4453125	EXPOSING
177.994841	24.131	34.269	108.2890625	EXPOSING
178.500764	24.132	34.287	109.0	EXPOSING
178.994833	24.131	34.299	109.75	EXPOSING
179.495395	24.132	34.309	110.28125	EXPOSING
179.994882	24.130	34.320	110.921875	EXPOSING
180.497717	24.130	34.322	111.484375	EXPOSING
180.994915	24.132	34.331	112.1953125	EXPOSING
181.495466	24.132	34.325	112.4921875	EXPOSING
181.994864	24.131	34.336	113.140625	EXPOSING
182.995004	0.019	0.005	113.4296875	WAIT
183.496093	0.017	0.003	109.890625	WAIT
183.994854	0.017	0.003	107.6875	WAIT
184.499662	0.016	0.002	106.3984375	WAIT
184.994792	0.003	0.002	104.2890625	WAIT
185.501548	0.002	0.000	103.3671875	WAIT
185.994794	0.001	0.000	101.4609375	WAIT
186.995026	24.127	33.884	100.5390625	EXPOSING
187.496215	24.130	33.993	101.4609375	EXPOSING
187.994848	24.130	34.051	103.1015625	EXPOSING
188.500704	24.130	34.114	104.1171875	EXPOSING
188.994823	24.130	34.154	105.515625	EXPOSING
189.495176	24.131	34.185	106.2890625	EXPOSING
189.994874	24.131	34.212	107.4921875	EXPOSING
190.496293	24.130	34.218	108.1953125	EXPOSING
190.994856	24.131	34.242	109.375	EXPOSING
191.500183	24.131	34.256	110.0078125	EXPOSING
191.994842	24.130	34.267	110.9453125	EXPOSING
192.495815	24.129	34.281	111.546875	EXPOSING
192.994849	24.131	34.289	112.3671875	EXPOSING
193.495784	24.131	34.298	112.84375	EXPOSING
194.500262	24.131	34.312	113.8046875	EXPOSING
194.994819	24.130	34.316	114.75	EXPOSING
195.495309	24.131	34.321	115.1171875	EXPOSING
195.994827	24.130	34.324	115.6953125	EXPOSING
196.995102	0.019	0.005	115.9375	WAIT
197.495573	0.018	0.003	112.25	WAIT
197.994896	0.017	0.002	110.0859375	WAIT
198.497096	0.017	0.002	108.6953125	WAIT
198.994823	0.000	0.000	106.8515625	WAIT
199.496191	0.002	0.000	105.625	WAIT
199.994787	0.002	0.000	103.84375	WAIT
200.995019	24.128	33.878	102.9921875	EXPOSING
201.497216	24.130	33.996	103.90625	EXPOSING
202.004002	24.131	34.060	105.484375	EXPOSING
202.500730	24.130	34.120	106.578125	EXPOSING
202.994794	24.130	34.169	107.8828125	EXPOSING
203.495171	24.131	34.211	108.6640625	EXPOSING
203.994847	24.130	34.234	109.90625	EXPOSING
204.496847	24.130	34.258	110.640625	EXPOSING
204.994856	24.130	34.274	111.6796875	EXPOSING
205.495872	24.130	34.296	112.3125	EXPOSING
205.994917	24.131	34.314	113.25	EXPOSING
206.495260	24.131	34.329	113.7734375	EXPOSING
206.994856	24.131	34.340	114.6484375	EXPOSING
207.495153	24.130	34.343	115.15625	EXPOSING
207.994825	24.130	34.357	115.8984375	EXPOSING
208.497907	24.131	34.361	116.34375	EXPOSING
208.995042	24.130	34.351	116.78125	EXPOSING
209.503793	24.131	34.377	117.3828125	EXPOSING
209.994795	24.132	34.371	117.9765625	EXPOSING
210.994981	0.019	0.007	117.9765625	WAIT
211.495271	0.018	0.003	114.375	WAIT
211.994851	0.017	0.002	112.296875	WAIT
212.496497	0.017	0.002	110.8984375	WAIT
212.994840	0.009	0.000	108.9453125	WAIT
213.495125	0.002	0.000	107.7734375	WAIT
213.994850	0.002	0.000	106.1015625	WAIT
214.994972	24.127	33.943	105.171875	EXPOSING
215.495247	24.130	33.998	105.953125	EXPOSING
215.994840	24.130	34.080	107.4921875	EXPOSING
216.496307	24.129	34.135	108.4921875	EXPOSING
216.994899	24.130	34.183	109.7265625	EXPOSING
217.496235	24.131	34.232	110.8515625	EXPOSING
217.994861	24.130	34.268	111.9765625	EXPOSING
218.496481	24.131	34.285	112.65625	EXPOSING
218.994850	24.132	34.313	113.6875	EXPOSING
219.495397	24.130	34.327	114.34375	EXPOSING
219.994861	24.132	34.346	115.2265625	EXPOSING
220.496490	24.132	34.351	115.8984375	EXPOSING
220.994942	24.132	34.362	116.5234375	EXPOSING
221.504772	24.131	34.358	117.203125	EXPOSING
221.994853	24.131	34.373	117.90625	EXPOSING
222.495951	24.131	34.377	118.296875	EXPOSING
222.994819	24.132	34.389	119.0390625	EXPOSING
223.495116	24.131	34.395	119.296875	EXPOSING
223.994810	24.131	34.406	120.0703125	EXPOSING
224.995006	0.019	0.007	120.1796875	WAIT
225.495134	0.018	0.004	116.671875	WAIT
225.994906	0.017	0.003	114.6640625	WAIT
226.496968	0.017	0.003	113.2109375	WAIT
226.994832	0.001	0.002	111.3125	WAIT
227.495051	0.002	0.000	110.1171875	WAIT
227.994921	0.002	0.000	108.6328125	WAIT
228.994995	24.128	33.948	107.3828125	EXPOSING
229.498798	24.130	34.044	108.359375	EXPOSING
229.994937	24.130	34.118	109.6953125	EXPOSING
230.505686	24.131	34.181	110.8671875	EXPOSING
230.994750	24.130	34.227	112.328125	EXPOSING
231.496426	24.131	34.252	113.0234375	EXPOSING
231.994914	24.131	34.282	114.1796875	EXPOSING
232.502730	24.131	34.310	114.890625	EXPOSING
232.994841	24.130	34.336	115.9375	EXPOSING
233.496329	24.132	34.354	116.625	EXPOSING
233.994837	24.131	34.370	117.625	EXPOSING
234.496587	24.130	34.382	118.0234375	EXPOSING
234.994846	24.130	34.385	118.8515625	EXPOSING
235.499227	24.131	34.390	119.3359375	EXPOSING
235.994823	24.131	34.395	120.1484375	EXPOSING
236.494999	24.132	34.411	120.390625	EXPOSING
236.994871	24.132	34.414	121.0703125	EXPOSING
237.498177	24.131	34.411	121.4375	EXPOSING
237.994812	24.131	34.422	122.0	EXPOSING
238.995009	0.018	0.006	122.03125	WAIT
239.496987	0.017	0.004	118.3984375	WAIT
239.994840	0.018	0.003	116.171875	WAIT
240.495556	0.017	0.002	114.96875	WAIT
240.994879	0.008	0.000	113.0078125	WAIT
241.495887	0.002	0.000	111.90625	WAIT
241.994940	0.002	0.000	110.328125	WAIT
242.994985	24.131	33.957	109.171875	EXPOSING
243.502575	24.131	34.073	110.15625	EXPOSING
243.996278	24.130	34.142	111.6796875	EXPOSING
244.499117	24.131	34.202	112.6875	EXPOSING
244.994864	24.131	34.224	114.03125	EXPOSING
245.495730	24.127	34.274	114.859375	EXPOSING
245.994955	24.130	34.299	115.9921875	EXPOSING
246.495086	24.128	34.330	116.734375	EXPOSING
246.994833	24.131	34.347	117.734375	EXPOSING
247.495128	24.133	34.365	118.4296875	EXPOSING
247.994846	24.131	34.377	119.234375	EXPOSING
248.496012	24.133	34.382	119.7734375	EXPOSING
248.994852	24.131	34.392	120.546875	EXPOSING
249.506678	24.132	34.401	121.1484375	EXPOSING
249.994777	24.132	34.409	121.8515625	EXPOSING
250.504520	24.133	34.413	122.15625	EXPOSING
250.994798	24.128	34.416	122.828125	EXPOSING
251.496871	24.131	34.422	123.109375	EXPOSING
251.994879	24.133	34.429	123.7421875	EXPOSING
252.995048	0.019	0.007	123.859375	WAIT
253.496382	0.018	0.004	120.0859375	WAIT
253.994837	0.018	0.003	118.0390625	WAIT
254.495050	0.018	0.003	116.765625	WAIT
254.994784	0.002	0.000	114.4375	WAIT
255.509061	0.002	0.000	113.6875	WAIT
255.994822	0.002	0.000	111.921875	WAIT
256.995044	24.128	33.984	110.9453125	EXPOSING
257.510101	24.130	34.078	111.8046875	EXPOSING
257.994777	24.129	34.117	113.53125	EXPOSING
258.513947	24.130	34.182	114.109375	EXPOSING
258.994866	24.129	34.229	115.734375	EXPOSING
259.500121	24.131	34.271	116.375	EXPOSING
259.994864	24.131	34.308	117.5390625	EXPOSING
260.495024	24.132	34.330	118.296875	EXPOSING
260.994961	24.131	34.346	119.15625	EXPOSING
261.495342	24.131	34.365	119.890625	EXPOSING
261.994851	24.131	34.379	120.78125	EXPOSING
262.495648	24.131	34.394	121.3203125	EXPOSING
262.994853	24.131	34.412	122.0546875	EXPOSING
263.496795	24.131	34.415	122.609375	EXPOSING
263.994826	24.129	34.423	123.3125	EXPOSING
264.497187	24.131	34.424	123.7421875	EXPOSING
264.994837	24.130	34.429	124.3671875	EXPOSING
265.495125	24.130	34.437	124.6953125	EXPOSING
265.994846	24.130	34.443	125.1796875	EXPOSING
266.995076	0.019	0.006	125.5078125	WAIT
267.495680	0.018	0.004	121.7421875	WAIT
267.994887	0.017	0.003	119.7578125	WAIT
268.496010	0.017	0.003	118.328125	WAIT
268.994864	0.000	0.003	116.375	WAIT
269.500846	0.002	0.000	115.375	WAIT
269.994864	0.002	0.000	113.546875	WAIT
270.995003	24.127	33.969	112.5859375	EXPOSING
271.506874	24.129	34.083	113.296875	EXPOSING
271.994858	24.129	34.164	114.7734375	EXPOSING
272.510679	24.131	34.211	115.8984375	EXPOSING
272.994833	24.130	34.258	117.265625	EXPOSING
273.495624	24.130	34.300	117.90625	EXPOSING
273.994837	24.130	34.323	119.1328125	EXPOSING
274.495804	24.130	34.350	119.7578125	EXPOSING
274.994867	24.130	34.378	120.859375	EXPOSING
275.496957	24.131	34.394	121.46875	EXPOSING
275.994938	24.129	34.413	122.2421875	EXPOSING
276.496247	24.129	34.426	122.84375	EXPOSING
276.994871	24.131	34.441	123.5703125	EXPOSING
277.496923	24.129	34.449	124.015625	EXPOSING
277.994899	24.131	34.459	124.6484375	EXPOSING
278.506909	24.130	34.466	125.1796875	EXPOSING
278.994821	24.131	34.466	125.796875	EXPOSING
279.500109	24.131	34.475	126.09375	EXPOSING
279.997717	24.131	34.481	126.6640625	EXPOSING
280.995062	0.019	0.005	126.78125	WAIT
281.497613	0.017	0.004	123.140625	WAIT
281.994862	0.018	0.003	121.046875	WAIT
282.498056	0.018	0.002	119.75	WAIT
282.994823	0.011	0.002	117.84375	WAIT
283.504239	0.001	0.000	116.671875	WAIT
283.994857	0.002	0.000	115.0546875	WAIT
284.995003	24.126	34.012	113.9375	EXPOSING
285.500520	24.129	34.097	114.546875	EXPOSING
285.994840	24.129	34.176	116.1171875	EXPOSING
286.508627	24.130	34.236	116.9765625	EXPOSING
286.994827	24.129	34.289	118.3984375	EXPOSING
287.496312	24.131	34.328	119.1875	EXPOSING
287.994895	24.131	34.361	120.328125	EXPOSING
288.497433	24.130	34.384	120.984375	EXPOSING
288.994851	24.130	34.407	122.125	EXPOSING
289.495354	24.131	34.428	122.7421875	EXPOSING
289.994843	24.132	34.440	123.5390625	EXPOSING
290.511106	24.130	34.450	124.015625	EXPOSING
290.994830	24.130	34.464	124.9765625	EXPOSING
291.495262	24.132	34.466	125.265625	EXPOSING
291.994876	24.131	34.467	126.078125	EXPOSING
292.495912	24.131	34.470	126.5	EXPOSING
292.994800	24.130	34.479	127.0625	EXPOSING
293.495252	24.130	34.486	127.359375	EXPOSING
293.994799	24.131	34.489	127.8828125	EXPOSING
294.995023	0.019	0.006	127.9140625	WAIT
295.495162	0.018	0.004	124.3828125	WAIT
295.994904	0.018	0.003	122.4453125	WAIT
296.495620	0.018	0.003	120.9140625	WAIT
296.994928	0.002	0.000	119.296875	WAIT
297.496210	0.002	0.000	117.9453125	WAIT
297.994947	0.002	0.000	116.390625	WAIT
298.995114	24.128	34.030	115.15625	EXPOSING
299.495401	24.130	34.135	115.8984375	EXPOSING
299.994871	24.130	34.205	117.3671875	EXPOSING
300.500785	24.130	34.254	118.4453125	EXPOSING
300.994827	24.130	34.306	119.75	EXPOSING
301.509720	24.131	34.336	120.5625	EXPOSING
301.994824	24.129	34.355	121.71875	EXPOSING
302.497485	24.130	34.395	122.4453125	EXPOSING
302.994841	24.129	34.424	123.359375	EXPOSING
303.497617	24.131	34.442	123.9609375	EXPOSING
303.994889	24.131	34.448	124.828125	EXPOSING
304.496128	24.130	34.472	125.3828125	EXPOSING
304.994850	24.131	34.467	126.1484375	EXPOSING
305.499887	24.130	34.475	126.515625	EXPOSING
305.994744	24.130	34.484	127.390625	EXPOSING
306.506943	24.132	34.492	127.6796875	EXPOSING
306.994771	24.131	34.498	128.2421875	EXPOSING
307.497013	24.130	34.501	128.640625	EXPOSING
307.994876	24.131	34.509	129.2421875	EXPOSING
308.995069	0.019	0.006	129.2890625	WAIT
309.495988	0.018	0.004	125.6640625	WAIT
309.994858	0.018	0.004	123.4765625	WAIT
310.496920	0.018	0.003	122.203125	WAIT
310.994857	0.009	0.001	120.296875	WAIT
311.495722	0.003	0.000	119.1875	WAIT
311.994886	0.003	0.000	117.4921875	WAIT
312.995018	24.128	34.049	116.421875	EXPOSING
313.508142	24.130	34.153	117.3515625	EXPOSING
313.994836	24.130	34.224	118.828125	EXPOSING
314.495136	24.129	34.263	119.75	EXPOSING
314.998414	24.131	34.317	121.3515625	EXPOSING
315.496497	24.131	34.359	121.7890625	EXPOSING
315.994920	24.130	34.384	122.9609375	EXPOSING
316.495923	24.130	34.409	123.6328125	EXPOSING
316.994915	24.131	34.435	124.6640625	EXPOSING
317.495536	24.130	34.454	125.1484375	EXPOSING
317.994841	24.131	34.461	125.96875	EXPOSING
318.500805	24.131	34.480	126.625	EXPOSING
318.994851	24.131	34.497	127.40625	EXPOSING
319.496051	24.131	34.501	127.8671875	EXPOSING
319.994843	24.130	34.518	128.4765625	EXPOSING
320.502109	24.130	34.529	128.7734375	EXPOSING
320.994832	24.131	34.531	129.40625	EXPOSING
321.497167	24.130	34.536	129.890625	EXPOSING
321.994881	24.131	34.547	130.3671875	EXPOSING
322.995005	0.019	0.006	130.3984375	WAIT
323.500793	0.018	0.004	126.796875	WAIT
323.994827	0.017	0.003	124.578125	WAIT
324.503496	0.017	0.002	123.265625	WAIT
324.994808	0.009	0.002	121.3359375	WAIT
325.499732	0.002	0.000	120.4296875	WAIT
325.994849	0.002	0.000	118.6015625	WAIT
326.995011	24.127	34.062	117.625	EXPOSING
327.495039	24.130	34.151	118.4609375	EXPOSING
327.994897	24.129	34.238	119.6875	EXPOSING
328.511298	24.130	34.303	120.7265625	EXPOSING
328.994792	24.130	34.353	122.140625	EXPOSING
329.501161	24.130	34.396	122.84375	EXPOSING
329.994810	24.131	34.424	123.984375	EXPOSING
330.502040	24.131	34.450	124.6484375	EXPOSING
330.994816	24.131	34.462	125.6796875	EXPOSING
331.503168	24.130	34.483	126.2109375	EXPOSING
331.994838	24.134	34.488	127.1796875	EXPOSING
332.495114	24.129	34.498	127.7109375	EXPOSING
332.994917	24.131	34.506	128.2109375	EXPOSING
333.504593	24.131	34.522	128.7578125	EXPOSING
333.994766	24.131	34.534	129.5390625	EXPOSING
334.496926	24.129	34.543	129.7421875	EXPOSING
334.994798	24.131	34.546	130.4296875	EXPOSING
335.497968	24.131	34.548	130.828125	EXPOSING
335.994905	24.131	34.555	131.296875	EXPOSING
336.995083	0.019	0.006	131.34375	WAIT
337.495013	0.019	0.005	127.625	WAIT
337.994840	0.018	0.003	125.4765625	WAIT
338.495121	0.017	0.003	124.2109375	WAIT
338.994809	0.009	0.003	122.2734375	WAIT
339.503422	0.003	0.000	121.234375	WAIT
339.994780	0.003	0.000	119.28125	WAIT
341.495920	0.018	0.003	118.4609375	WAIT
342.995059	0.017	0.003	115.53125	WAIT
344.495526	0.018	0.003	112.75	WAIT
345.994959	0.018	0.004	110.328125	WAIT
347.496416	0.018	0.003	108.5859375	WAIT
348.995005	0.018	0.004	106.4140625	WAIT
350.498057	0.017	0.004	104.7109375	WAIT
351.994913	0.018	0.004	103.125	WAIT
353.496357	0.018	0.003	101.625	WAIT
354.995096	0.017	0.003	100.171875	WAIT
356.495761	0.018	0.003	98.7734375	WAIT
357.994979	0.018	0.003	97.8046875	WAIT
359.495400	0.018	0.003	96.59375	WAIT
360.995041	0.017	0.003	95.796875	WAIT
362.500718	0.018	0.003	94.890625	WAIT
363.994964	0.018	0.003	93.9140625	WAIT
365.498645	0.018	0.003	93.0625	WAIT
366.994943	0.018	0.004	92.28125	WAIT
368.497869	0.017	0.002	91.6328125	WAIT
369.994948	0.018	0.004	90.453125	WAIT
371.496327	0.018	0.002	90.0703125	WAIT
372.994904	0.018	0.003	89.515625	WAIT
374.509737	0.018	0.003	88.8828125	WAIT
375.994889	0.018	0.004	87.9296875	WAIT
377.496589	0.018	0.002	87.578125	WAIT
378.994929	0.018	0.004	86.84375	WAIT
380.495062	0.018	0.003	86.5546875	WAIT
381.995107	0.018	0.003	86.0234375	WAIT
383.497262	0.018	0.003	85.515625	WAIT
384.994947	0.018	0.003	84.796875	WAIT
386.495092	0.018	0.003	84.375	WAIT
387.994959	0.018	0.003	83.84375	WAIT
389.498497	0.018	0.003	83.7265625	WAIT
390.994946	0.018	0.003	83.1484375	WAIT
392.497249	0.018	0.004	82.59375	WAIT
393.994993	0.018	0.003	82.9140625	WAIT
395.497672	0.018	0.003	82.4921875	WAIT
396.994922	0.018	0.003	81.7890625	WAIT
398.506282	0.017	0.003	81.4765625	WAIT
399.994844	0.018	0.004	81.2734375	WAIT
401.511088	0.018	0.003	80.8046875	WAIT
402.994972	0.018	0.003	80.765625	WAIT
404.496933	0.018	0.003	80.53125	WAIT
405.994915	0.018	0.003	79.8359375	WAIT
407.497825	0.017	0.003	79.5	WAIT
408.994945	0.017	0.002	79.1953125	WAIT
410.495377	0.018	0.002	78.703125	WAIT
411.994954	0.018	0.003	78.1953125	WAIT
413.499303	0.018	0.003	77.9765625	WAIT
414.994912	0.018	0.003	77.7109375	WAIT
416.504296	0.018	0.003	77.4453125	WAIT
417.994901	0.018	0.003	77.4453125	WAIT
419.495696	0.018	0.002	77.0859375	WAIT
420.994939	0.018	0.003	76.875	WAIT
422.497149	0.018	0.004	76.7109375	WAIT
423.994887	0.017	0.003	76.7265625	WAIT
425.505219	0.018	0.002	76.3828125	WAIT
426.994854	0.018	0.003	75.7578125	WAIT
428.495378	0.018	0.002	75.3671875	WAIT
429.995094	0.018	0.003	75.2734375	WAIT
431.496301	0.018	0.003	74.921875	WAIT
432.994941	0.018	0.003	74.921875	WAIT
434.496754	0.018	0.003	74.609375	WAIT
435.995007	0.017	0.003	74.4453125	WAIT
437.501733	0.018	0.002	74.125	WAIT
438.999195	0.019	0.003	73.546875	WAIT
440.498063	0.018	0.003	73.6953125	WAIT
441.994956	0.018	0.002	73.3359375	WAIT
443.497171	0.018	0.003	73.28125	WAIT
444.994929	0.018	0.003	72.828125	WAIT
446.495107	0.017	0.003	72.5546875	WAIT
447.994998	0.019	0.002	72.453125	WAIT
449.513707	0.018	0.002	72.2421875	WAIT
450.994915	0.018	0.003	71.8359375	WAIT
452.505866	0.018	0.003	71.6796875	WAIT
453.994922	0.018	0.002	71.796875	WAIT
455.504668	0.018	0.003	71.4375	WAIT
456.994932	0.018	0.003	70.9921875	WAIT
458.516598	0.018	0.003	70.9921875	WAIT
459.994869	0.018	0.003	71.1328125	WAIT
461.496280	0.017	0.003	71.25	WAIT
462.994905	0.018	0.003	70.671875	WAIT
464.512487	0.018	0.003	70.5703125	WAIT
465.994891	0.018	0.003	70.2734375	WAIT
467.502501	0.018	0.003	70.0703125	WAIT
468.994939	0.018	0.003	69.984375	WAIT
470.512856	0.018	0.002	69.8515625	WAIT
471.994923	0.018	0.003	69.3125	WAIT
473.497004	0.018	0.002	69.078125	WAIT
474.994921	0.018	0.002	68.75	WAIT
476.522109	0.018	0.002	68.5078125	WAIT
477.994910	0.018	0.003	68.0078125	WAIT
479.500250	0.018	0.002	68.1875	WAIT
480.994908	0.018	0.002	68.1484375	WAIT
482.501143	0.018	0.003	67.890625	WAIT
483.995041	0.018	0.003	68.03125	WAIT
485.506588	0.018	0.002	67.875	WAIT
486.994926	0.018	0.003	67.75	WAIT
488.506124	0.018	0.003	67.40625	WAIT
489.994911	0.018	0.003	67.5703125	WAIT
491.500617	0.017	0.002	67.234375	WAIT
492.994893	0.017	0.002	66.6875	WAIT
494.514199	0.017	0.003	66.515625	WAIT
495.994981	0.018	0.003	66.015625	WAIT
497.499386	0.018	0.002	65.90625	WAIT
498.995003	0.018	0.003	66.046875	WAIT
500.497240	0.018	0.002	65.875	WAIT
501.994890	0.018	0.003	65.5	WAIT
503.497159	0.019	0.003	65.2734375	WAIT
504.996170	0.018	0.003	65.390625	WAIT
506.495963	0.018	0.002	65.03125	WAIT
507.995033	0.018	0.003	64.71875	WAIT
509.496285	0.018	0.002	64.375	WAIT
510.994888	0.017	0.003	64.375	WAIT
512.495291	0.018	0.003	64.3203125	WAIT
513.994929	0.018	0.003	64.3203125	WAIT
515.495846	0.018	0.002	64.4296875	WAIT
516.995070	0.018	0.002	63.9921875	WAIT
518.495409	0.017	0.002	63.8203125	WAIT
519.995032	0.018	0.002	64.03125	WAIT
521.517822	0.018	0.002	63.7578125	WAIT
522.999913	0.018	0.003	63.125	WAIT
524.497581	0.018	0.002	63.25	WAIT
525.995096	0.018	0.002	63.1953125	WAIT
527.495485	0.018	0.002	63.1953125	WAIT
528.994996	0.018	0.003	62.9375	WAIT
530.503986	0.017	0.003	62.921875	WAIT
531.994902	0.018	0.003	62.8515625	WAIT
533.502986	0.017	0.002	62.578125	WAIT
534.994909	0.018	0.002	62.5390625	WAIT
536.515042	0.018	0.002	62.25	WAIT
537.994904	0.018	0.002	62.0234375	WAIT
539.500246	0.017	0.002	61.7578125	WAIT
