#Resonance Frequency: 241000.000 kHz
#Set Current: 9.07 A
Time [s]	Current [A]	Voltage [V]	T0 [degC]	State
0.000026	0.001	0.000	23.7734375	BEFORE
0.499943	0.001	0.000	23.578125	BEFORE
0.994762	0.002	0.000	23.7265625	BEFORE
1.499965	0.001	0.000	23.6875	BEFORE
1.994744	0.001	0.000	23.6875	BEFORE
2.495625	0.002	0.000	23.6640625	BEFORE
2.994750	0.002	0.000	23.609375	BEFORE
3.499943	0.001	0.000	23.6875	BEFORE
3.995368	0.002	0.000	23.703125	BEFORE
4.498797	0.002	0.000	23.6484375	BEFORE
4.994755	0.001	0.000	23.578125	BEFORE
5.500036	0.001	0.000	23.7265625	BEFORE
5.994783	0.001	0.000	23.5546875	BEFORE
6.499943	0.001	0.000	23.7734375	BEFORE
6.994738	0.001	0.000	23.609375	BEFORE
7.497832	0.002	0.000	23.6484375	BEFORE
7.994722	0.001	0.000	23.59375	BEFORE
8.499969	0.001	0.000	23.6328125	BEFORE
8.994722	0.002	0.000	23.578125	BEFORE
9.501913	0.001	0.000	23.609375	BEFORE
9.994757	0.001	0.000	23.59375	BEFORE
10.498927	0.001	0.000	23.6484375	BEFORE
10.994750	0.001	0.000	23.59375	BEFORE
11.495461	0.001	0.000	23.7265625	BEFORE
11.994757	0.000	0.000	23.6875	BEFORE
12.499918	0.001	0.000	23.59375	BEFORE
12.994751	0.000	0.000	23.5390625	BEFORE
13.497778	0.000	0.000	23.59375	BEFORE
13.994747	0.001	0.000	23.4296875	BEFORE
14.500368	0.001	0.000	23.5390625	BEFORE
14.994816	0.001	0.000	23.578125	BEFORE
15.502193	0.001	0.000	23.6875	BEFORE
15.994702	0.001	0.000	23.578125	BEFORE
16.496851	0.001	0.000	23.6484375	BEFORE
16.994753	0.001	0.000	23.578125	BEFORE
17.499510	0.001	0.000	23.6484375	BEFORE
17.994773	0.002	0.000	23.59375	BEFORE
18.499963	0.001	0.000	23.609375	BEFORE
18.994777	0.001	0.000	23.484375	BEFORE
19.495935	0.001	0.000	23.5546875	BEFORE
19.994759	0.001	0.000	23.578125	BEFORE
20.505161	0.002	0.000	23.6484375	BEFORE
20.994708	0.001	0.000	23.609375	BEFORE
21.499962	0.001	0.000	23.484375	BEFORE
21.994841	0.001	0.000	23.578125	BEFORE
22.497317	0.001	0.000	23.5234375	BEFORE
22.994731	0.001	0.000	23.5	BEFORE
23.496312	0.001	0.000	23.484375	BEFORE
23.994754	0.001	0.000	23.5390625	BEFORE
24.497212	0.001	0.000	23.46875	BEFORE
24.994753	0.001	0.000	23.5390625	BEFORE
25.499965	0.001	0.000	23.5390625	BEFORE
25.994777	0.001	0.000	23.5	BEFORE
26.499666	0.001	0.000	23.59375	BEFORE
26.994701	0.001	0.000	23.5	BEFORE
27.499929	0.001	0.000	23.5546875	BEFORE
27.994748	0.001	0.000	23.5234375	BEFORE
28.498328	0.001	0.000	23.46875	BEFORE
28.994823	0.001	0.000	23.5	BEFORE
29.499953	0.001	0.000	23.484375	BEFORE
29.994812	0.001	0.000	23.484375	BEFORE
30.500292	0.001	0.000	23.5546875	BEFORE
30.994734	0.001	0.000	23.4140625	BEFORE
31.499929	0.001	0.000	23.5234375	BEFORE
31.994760	0.001	0.000	23.46875	BEFORE
32.502341	0.001	0.000	23.4453125	BEFORE
32.994732	0.001	0.000	23.5	BEFORE
33.499940	0.001	0.000	23.390625	BEFORE
33.994772	0.001	0.000	23.5390625	BEFORE
34.498472	0.005	0.000	23.484375	BEFORE
34.994728	0.001	0.000	23.4140625	BEFORE
35.499923	0.001	0.000	23.484375	BEFORE
35.994759	0.001	0.000	23.578125	BEFORE
36.499902	0.001	0.000	23.484375	BEFORE
36.994841	0.001	0.000	23.5234375	BEFORE
37.494866	0.001	0.000	23.359375	BEFORE
37.994741	0.002	0.000	23.484375	BEFORE
38.499946	0.001	0.000	23.4140625	BEFORE
38.994738	0.001	0.000	23.5	BEFORE
39.499243	0.001	0.000	23.5	BEFORE
39.994735	0.001	0.000	23.4296875	BEFORE
40.499941	0.001	0.000	23.5390625	BEFORE
40.994773	0.001	0.000	23.484375	BEFORE
41.499967	0.001	0.000	23.4296875	BEFORE
41.994792	0.001	0.000	23.390625	BEFORE
42.499871	0.001	0.000	23.4453125	BEFORE
42.994829	0.001	0.000	23.4453125	BEFORE
43.499934	0.001	0.000	23.4140625	BEFORE
43.994817	0.001	0.000	23.4140625	BEFORE
44.497282	0.002	0.000	23.4453125	BEFORE
44.994743	0.001	0.000	23.375	BEFORE
45.499922	0.001	0.000	23.4296875	BEFORE
45.994753	0.001	0.000	23.4140625	BEFORE
46.497504	0.001	0.000	23.359375	BEFORE
46.994735	0.001	0.000	23.4453125	BEFORE
47.499939	0.001	0.000	23.4453125	BEFORE
47.994758	0.001	0.000	23.25	BEFORE
48.518511	0.001	0.000	23.4140625	BEFORE
48.994747	0.002	0.000	23.28125	BEFORE
49.499985	0.001	0.000	23.390625	BEFORE
49.994841	0.001	0.000	23.28125	BEFORE
50.496358	0.001	0.000	23.3359375	BEFORE
50.994752	0.001	0.000	23.375	BEFORE
51.499214	0.001	0.000	23.3046875	BEFORE
51.994740	0.001	0.000	23.375	BEFORE
52.499976	0.001	0.000	23.28125	BEFORE
52.994741	0.001	0.000	23.28125	BEFORE
53.499936	0.001	0.000	23.3359375	BEFORE
53.994747	0.001	0.000	23.28125	BEFORE
54.495805	0.001	0.000	23.3203125	BEFORE
54.994787	0.001	0.000	23.3359375	BEFORE
55.499915	0.001	0.000	23.3046875	BEFORE
55.994806	0.001	0.000	23.359375	BEFORE
56.497888	0.001	0.000	23.390625	BEFORE
56.994810	0.001	0.000	23.3046875	BEFORE
57.499927	0.001	0.000	23.3203125	BEFORE
57.994591	0.001	0.000	23.25	BEFORE
58.495810	0.001	0.000	23.2109375	BEFORE
58.994777	0.001	0.000	23.3359375	BEFORE
59.499911	0.001	0.000	23.3046875	BEFORE
59.994750	0.001	0.000	23.3203125	BEFORE
60.994762	9.060	14.866	23.3203125	EXPOSING
61.495992	9.062	14.877	23.9765625	EXPOSING
61.994731	9.062	14.886	24.234375	EXPOSING
62.499904	9.062	14.894	24.3984375	EXPOSING
62.994778	9.062	14.899	24.7109375	EXPOSING
63.496942	9.062	14.902	24.890625	EXPOSING
63.994789	9.062	14.906	25.0703125	EXPOSING
64.499931	9.061	14.910	25.2734375	EXPOSING
64.994772	9.062	14.913	25.3671875	EXPOSING
65.518869	9.061	14.915	25.4921875	EXPOSING
65.994684	9.062	14.917	25.7109375	EXPOSING
66.499923	9.063	14.919	25.7109375	EXPOSING
66.994736	9.062	14.920	25.953125	EXPOSING
67.498644	9.062	14.923	25.859375	EXPOSING
67.994742	9.063	14.923	26.21875	EXPOSING
68.507525	9.062	14.924	26.2578125	EXPOSING
68.994774	9.062	14.926	26.2734375	EXPOSING
69.495515	9.063	14.925	26.546875	EXPOSING
69.994746	9.062	14.927	26.5859375	EXPOSING
70.994786	0.027	0.005	26.6015625	WAIT
71.497755	0.026	0.002	26.0234375	WAIT
71.994778	0.008	0.000	25.96875	WAIT
72.499912	0.001	0.000	25.875	WAIT
72.994787	0.001	0.000	25.6796875	WAIT
73.499368	0.001	0.000	25.625	WAIT
73.994850	0.002	0.000	25.53125	WAIT
74.994849	9.061	14.884	25.4375	EXPOSING
75.499936	9.062	14.894	25.875	EXPOSING
75.994769	9.063	14.900	26.0546875	EXPOSING
76.497950	9.063	14.906	26.421875	EXPOSING
76.994785	9.062	14.915	26.4921875	EXPOSING
77.499920	9.062	14.918	26.53125	EXPOSING
77.994814	9.062	14.921	26.7890625	EXPOSING
78.496184	9.062	14.923	26.953125	EXPOSING
78.994751	9.062	14.925	27.078125	EXPOSING
79.499925	9.062	14.927	27.2421875	EXPOSING
79.994750	9.062	14.928	27.1875	EXPOSING
80.495954	9.062	14.929	27.2265625	EXPOSING
80.994768	9.061	14.931	27.2578125	EXPOSING
81.499954	9.062	14.931	27.4609375	EXPOSING
81.994749	9.063	14.933	27.5703125	EXPOSING
82.500032	9.062	14.934	27.6796875	EXPOSING
82.994742	9.062	14.934	27.7890625	EXPOSING
83.494787	9.062	14.935	27.859375	EXPOSING
83.994746	9.063	14.936	27.8984375	EXPOSING
84.994816	0.026	0.004	27.84375	WAIT
85.496328	0.026	0.002	27.4453125	WAIT
85.994719	0.014	0.001	27.0078125	WAIT
86.499937	0.002	0.000	27.0234375	WAIT
86.994816	0.001	0.000	26.96875	WAIT
87.497988	0.002	0.000	26.6796875	WAIT
87.994766	0.001	0.000	26.625	WAIT
88.994794	9.062	14.893	26.4921875	EXPOSING
89.495402	9.061	14.899	26.984375	EXPOSING
89.994753	9.062	14.906	27.2421875	EXPOSING
90.499950	9.062	14.917	27.4765625	EXPOSING
90.994748	9.063	14.921	27.515625	EXPOSING
91.499420	9.063	14.925	27.640625	EXPOSING
91.994771	9.063	14.927	27.6796875	EXPOSING
92.499926	9.063	14.929	27.84375	EXPOSING
92.994817	9.062	14.931	28.0625	EXPOSING
93.499936	9.063	14.933	28.09375	EXPOSING
93.994803	9.061	14.935	28.2578125	EXPOSING
94.494920	9.063	14.935	28.09375	EXPOSING
94.994741	9.061	14.936	28.2578125	EXPOSING
95.499933	9.062	14.937	28.296875	EXPOSING
95.994755	9.062	14.938	28.5	EXPOSING
96.498100	9.062	14.939	28.4609375	EXPOSING
96.994757	9.063	14.941	28.515625	EXPOSING
97.499942	9.063	14.942	28.6015625	EXPOSING
97.994753	9.062	14.941	28.640625	EXPOSING
98.994798	0.028	0.004	28.75	WAIT
99.503615	0.026	0.002	28.0390625	WAIT
99.994731	0.026	0.002	27.875	WAIT
100.499926	0.001	0.000	27.75	WAIT
100.994737	0.002	0.000	27.515625	WAIT
101.497831	0.002	0.000	27.421875	WAIT
101.994783	0.001	0.000	27.3515625	WAIT
102.994828	9.062	14.898	27.203125	EXPOSING
103.501051	9.062	14.904	27.625	EXPOSING
103.994741	9.061	14.912	27.828125	EXPOSING
104.499940	9.062	14.917	28.078125	EXPOSING
104.994746	9.062	14.927	28.09375	EXPOSING
105.499126	9.062	14.930	28.296875	EXPOSING
105.994779	9.063	14.932	28.3671875	EXPOSING
106.499936	9.063	14.934	28.4453125	EXPOSING
106.994983	9.062	14.936	28.4453125	EXPOSING
107.499916	9.061	14.938	28.5546875	EXPOSING
107.994773	9.062	14.939	28.6953125	EXPOSING
108.498006	9.061	14.941	28.7109375	EXPOSING
108.994830	9.063	14.941	28.7890625	EXPOSING
109.499090	9.062	14.943	28.96875	EXPOSING
109.994743	9.062	14.944	28.9453125	EXPOSING
110.497669	9.063	14.946	29.0234375	EXPOSING
110.994732	9.063	14.945	29.078125	EXPOSING
111.503371	9.063	14.946	29.171875	EXPOSING
111.994743	9.062	14.947	29.2734375	EXPOSING
112.994798	0.027	0.005	29.1484375	WAIT
113.499956	0.026	0.002	28.5859375	WAIT
113.994768	0.019	0.002	28.3671875	WAIT
114.499130	0.001	0.000	28.203125	WAIT
114.994740	0.002	0.000	28.1171875	WAIT
115.499941	0.001	0.000	27.96875	WAIT
115.994810	0.001	0.000	27.7890625	WAIT
116.994827	9.061	14.895	27.6796875	EXPOSING
117.494703	9.062	14.907	28.078125	EXPOSING
117.994729	9.062	14.913	28.296875	EXPOSING
118.499946	9.062	14.919	28.4609375	EXPOSING
118.994738	9.062	14.923	28.65625	EXPOSING
119.497712	9.062	14.926	28.65625	EXPOSING
119.994783	9.062	14.932	28.9296875	EXPOSING
120.499927	9.063	14.937	28.8046875	EXPOSING
120.994735	9.063	14.939	29.1328125	EXPOSING
121.499908	9.063	14.940	29.0234375	EXPOSING
121.994746	9.061	14.942	29.1328125	EXPOSING
122.496006	9.062	14.944	29.1875	EXPOSING
122.994750	9.062	14.944	29.328125	EXPOSING
123.499909	9.062	14.945	29.2578125	EXPOSING
123.994646	9.062	14.945	29.4375	EXPOSING
124.497131	9.062	14.947	29.4921875	EXPOSING
124.994842	9.062	14.948	29.53125	EXPOSING
125.499950	9.063	14.948	29.6953125	EXPOSING
125.994744	9.062	14.948	29.671875	EXPOSING
126.994812	0.027	0.005	29.5703125	WAIT
127.499951	0.026	0.003	29.0078125	WAIT
127.994854	0.001	0.001	28.875	WAIT
128.499599	0.001	0.000	28.65625	WAIT
128.994730	0.001	0.000	28.4453125	WAIT
129.499985	0.001	0.000	28.421875	WAIT
129.994732	0.001	0.000	28.1875	WAIT
130.994812	9.061	14.903	28.09375	EXPOSING
131.499907	9.062	14.912	28.640625	EXPOSING
131.994745	9.062	14.916	28.734375	EXPOSING
132.496640	9.063	14.920	28.84375	EXPOSING
132.994771	9.063	14.924	29.1171875	EXPOSING
133.499967	9.063	14.929	29.09375	EXPOSING
133.994729	9.062	14.932	29.2421875	EXPOSING
134.499919	9.062	14.939	29.2265625	EXPOSING
134.994744	9.062	14.942	29.40625	EXPOSING
135.512106	9.062	14.943	29.4609375	EXPOSING
135.994733	9.062	14.944	29.515625	EXPOSING
136.499908	9.063	14.946	29.75	EXPOSING
136.994740	9.063	14.947	29.6171875	EXPOSING
137.496020	9.062	14.947	29.5859375	EXPOSING
137.994737	9.062	14.947	29.75	EXPOSING
138.499923	9.062	14.948	29.78125	EXPOSING
138.994732	9.062	14.949	29.9296875	EXPOSING
139.499100	9.062	14.950	30.0	EXPOSING
139.994763	9.062	14.950	29.984375	EXPOSING
140.994875	0.027	0.004	30.0546875	WAIT
141.499951	0.026	0.002	29.3515625	WAIT
141.994746	0.026	0.000	29.09375	WAIT
142.494873	0.002	0.000	29.0234375	WAIT
142.994748	0.001	0.000	28.875	WAIT
143.499913	0.001	0.000	28.7890625	WAIT
143.994738	0.001	0.000	28.65625	WAIT
144.994860	9.061	14.905	28.53125	EXPOSING
145.499909	9.062	14.913	28.8984375	EXPOSING
145.994799	9.062	14.920	29.1328125	EXPOSING
146.499952	9.062	14.924	29.2265625	EXPOSING
146.994742	9.061	14.929	29.3515625	EXPOSING
147.499659	9.061	14.934	29.4609375	EXPOSING
147.994729	9.062	14.938	29.5703125	EXPOSING
148.499320	9.062	14.942	29.6015625	EXPOSING
148.994734	9.062	14.944	29.8046875	EXPOSING
149.499388	9.062	14.945	29.8046875	EXPOSING
149.994728	9.062	14.946	29.9140625	EXPOSING
150.499917	9.063	14.948	29.953125	EXPOSING
150.994743	9.062	14.948	29.9609375	EXPOSING
151.496072	9.063	14.950	30.09375	EXPOSING
151.995109	9.062	14.949	30.109375	EXPOSING
152.499958	9.063	14.951	30.109375	EXPOSING
152.994803	9.062	14.952	30.1640625	EXPOSING
153.499928	9.062	14.952	30.328125	EXPOSING
153.994804	9.063	14.951	30.2734375	EXPOSING
154.994788	0.027	0.004	30.3984375	WAIT
155.499932	0.026	0.002	29.671875	WAIT
155.994806	0.026	0.001	29.421875	WAIT
156.502688	0.001	0.000	29.3125	WAIT
156.994745	0.001	0.000	29.1171875	WAIT
157.500001	0.001	0.000	29.0234375	WAIT
157.994767	0.001	0.000	28.8203125	WAIT
158.994818	9.061	14.903	28.7890625	EXPOSING
159.496683	9.062	14.913	29.1875	EXPOSING
159.994760	9.062	14.919	29.3515625	EXPOSING
160.499954	9.062	14.925	29.515625	EXPOSING
160.994809	9.062	14.930	29.7109375	EXPOSING
161.499925	9.062	14.934	29.9140625	EXPOSING
161.994803	9.063	14.941	29.8203125	EXPOSING
162.504953	9.062	14.943	29.8984375	EXPOSING
162.994697	9.062	14.945	30.0390625	EXPOSING
163.499908	9.062	14.946	30.109375	EXPOSING
163.994769	9.061	14.948	30.2578125	EXPOSING
164.499114	9.062	14.950	30.109375	EXPOSING
164.994746	9.062	14.949	30.2578125	EXPOSING
165.499964	9.062	14.950	30.34375	EXPOSING
165.994771	9.062	14.952	30.3984375	EXPOSING
166.499945	9.062	14.952	30.5625	EXPOSING
166.994760	9.062	14.953	30.6015625	EXPOSING
167.495150	9.062	14.953	30.5078125	EXPOSING
167.994695	9.062	14.955	30.6328125	EXPOSING
168.994794	0.027	0.003	30.65625	WAIT
169.496252	0.025	0.002	30.0546875	WAIT
169.994754	0.025	0.001	29.7265625	WAIT
170.495311	0.001	0.000	29.640625	WAIT
170.994745	0.001	0.000	29.3828125	WAIT
171.499941	0.001	0.000	29.4375	WAIT
171.994743	0.001	0.000	29.1875	WAIT
172.994816	9.061	14.904	29.09375	EXPOSING
173.499939	9.062	14.916	29.3515625	EXPOSING
173.994817	9.061	14.923	29.7109375	EXPOSING
174.499946	9.062	14.929	29.7265625	EXPOSING
174.994770	9.062	14.934	29.8984375	EXPOSING
175.496454	9.062	14.940	30.0	EXPOSING
175.994808	9.063	14.943	30.203125	EXPOSING
176.497708	9.062	14.944	30.1484375	EXPOSING
176.994773	9.063	14.947	30.34375	EXPOSING
177.497186	9.061	14.948	30.4375	EXPOSING
177.994740	9.062	14.949	30.421875	EXPOSING
178.499885	9.062	14.950	30.4375	EXPOSING
178.994740	9.062	14.952	30.53125	EXPOSING
179.496083	9.063	14.952	30.671875	EXPOSING
179.994739	9.062	14.954	30.765625	EXPOSING
180.499921	9.062	14.954	30.78125	EXPOSING
180.994758	9.062	14.955	30.78125	EXPOSING
181.495838	9.063	14.955	30.8515625	EXPOSING
181.994807	9.062	14.957	30.9765625	EXPOSING
182.994830	0.027	0.004	30.9609375	WAIT
183.499954	0.026	0.002	30.328125	WAIT
183.994750	0.025	0.002	30.015625	WAIT
184.510871	0.001	0.000	29.8359375	WAIT
184.994725	0.001	0.000	29.7265625	WAIT
185.500073	0.001	0.000	29.5859375	WAIT
185.994755	0.001	0.000	29.40625	WAIT
186.994855	9.062	14.908	29.328125	EXPOSING
187.499943	9.061	14.917	29.6953125	EXPOSING
187.994791	9.062	14.924	30.0546875	EXPOSING
188.496794	9.063	14.930	30.09375	EXPOSING
188.994732	9.063	14.938	30.2578125	EXPOSING
189.504668	9.062	14.942	30.203125	EXPOSING
189.994579	9.061	14.944	30.453125	EXPOSING
190.495600	9.062	14.945	30.421875	EXPOSING
190.994781	9.061	14.947	30.6171875	EXPOSING
191.498506	9.062	14.949	30.5625	EXPOSING
191.994834	9.062	14.950	30.65625	EXPOSING
192.503873	9.062	14.952	30.78125	EXPOSING
192.994717	9.062	14.953	30.9296875	EXPOSING
193.499933	9.061	14.953	30.796875	EXPOSING
193.994725	9.063	14.954	31.0	EXPOSING
194.499941	9.062	14.956	30.9609375	EXPOSING
194.994743	9.062	14.955	31.140625	EXPOSING
195.498125	9.062	14.957	31.109375	EXPOSING
195.994757	9.062	14.957	31.234375	EXPOSING
196.994830	0.026	0.004	31.1953125	WAIT
197.499916	0.026	0.002	30.4375	WAIT
197.994751	0.024	0.001	30.2890625	WAIT
198.495567	0.001	0.000	30.1640625	WAIT
198.994729	0.001	0.000	29.8359375	WAIT
199.500082	0.001	0.000	29.8359375	WAIT
199.994792	0.001	0.000	29.7265625	WAIT
200.994824	9.060	14.906	29.53125	EXPOSING
201.499925	9.062	14.915	29.9296875	EXPOSING
201.994747	9.062	14.921	30.1484375	EXPOSING
202.496003	9.063	14.926	30.2890625	EXPOSING
202.994757	9.062	14.930	30.4921875	EXPOSING
203.499880	9.062	14.935	30.65625	EXPOSING
203.994796	9.062	14.940	30.6015625	EXPOSING
204.500267	9.062	14.946	30.6171875	EXPOSING
204.994825	9.063	14.949	30.7421875	EXPOSING
205.499884	9.063	14.951	30.890625	EXPOSING
205.994806	9.061	14.951	30.890625	EXPOSING
206.499948	9.063	14.953	31.0859375	EXPOSING
206.994752	9.061	14.954	31.125	EXPOSING
207.496694	9.062	14.955	31.109375	EXPOSING
207.994767	9.062	14.956	31.125	EXPOSING
208.501589	9.063	14.956	31.359375	EXPOSING
208.994778	9.063	14.958	31.234375	EXPOSING
209.497416	9.062	14.959	31.34375	EXPOSING
209.994725	9.062	14.957	31.2734375	EXPOSING
210.994877	0.027	0.004	31.4296875	WAIT
211.495080	0.026	0.002	30.7265625	WAIT
211.994843	0.026	0.002	30.65625	WAIT
212.499990	0.001	0.000	30.3828125	WAIT
212.994823	0.001	0.000	30.21875	WAIT
213.494778	0.001	0.000	30.078125	WAIT
213.994809	0.001	0.000	29.9296875	WAIT
215.003971	9.062	14.910	29.765625	EXPOSING
215.495966	9.062	14.918	30.3125	EXPOSING
215.994762	9.062	14.925	30.3984375	EXPOSING
216.494858	9.063	14.930	30.5078125	EXPOSING
216.999945	9.063	14.932	30.671875	EXPOSING
217.500107	9.063	14.937	30.875	EXPOSING
217.994750	9.063	14.941	30.796875	EXPOSING
218.494776	9.062	14.948	30.9453125	EXPOSING
218.997167	9.062	14.951	31.015625	EXPOSING
219.494721	9.062	14.952	31.0703125	EXPOSING
219.994830	9.063	14.953	31.234375	EXPOSING
220.494792	9.063	14.955	31.140625	EXPOSING
220.995084	9.062	14.956	31.2734375	EXPOSING
221.494941	9.063	14.957	31.359375	EXPOSING
221.994732	9.062	14.958	31.46875	EXPOSING
222.494807	9.062	14.958	31.3203125	EXPOSING
222.999922	9.063	14.959	31.5234375	EXPOSING
223.499900	9.062	14.959	31.5390625	EXPOSING
223.994771	9.062	14.960	31.5625	EXPOSING
224.996250	0.026	0.004	31.59375	WAIT
225.499863	0.026	0.002	31.0546875	WAIT
225.994831	0.026	0.000	30.7109375	WAIT
226.494777	0.001	0.000	30.546875	WAIT
226.996397	0.001	0.000	30.4375	WAIT
227.496903	0.001	0.000	30.21875	WAIT
227.994768	0.001	0.000	30.09375	WAIT
228.994936	9.061	14.912	30.0390625	EXPOSING
229.499882	9.062	14.920	30.3984375	EXPOSING
229.994775	9.062	14.926	30.5078125	EXPOSING
230.494868	9.062	14.934	30.671875	EXPOSING
230.995177	9.062	14.942	30.90625	EXPOSING
231.495512	9.062	14.944	30.8515625	EXPOSING
231.994740	9.062	14.948	31.0546875	EXPOSING
232.494787	9.063	14.949	31.1640625	EXPOSING
232.999910	9.062	14.951	31.140625	EXPOSING
233.499839	9.062	14.953	31.3203125	EXPOSING
233.994805	9.063	14.953	31.2890625	EXPOSING
234.494797	9.063	14.956	31.5390625	EXPOSING
234.996069	9.063	14.956	31.59375	EXPOSING
235.499858	9.062	14.958	31.5078125	EXPOSING
235.994744	9.062	14.957	31.6484375	EXPOSING
236.494826	9.062	14.959	31.703125	EXPOSING
236.995651	9.062	14.960	31.6640625	EXPOSING
237.494853	9.063	14.960	31.6484375	EXPOSING
237.994709	9.061	14.960	31.90625	EXPOSING
238.997368	0.027	0.004	31.796875	WAIT
239.499859	0.026	0.003	31.1796875	WAIT
239.994770	0.000	0.002	30.9453125	WAIT
240.494787	0.002	0.000	30.796875	WAIT
240.996417	0.001	0.000	30.5625	WAIT
241.497746	0.001	0.000	30.5078125	WAIT
241.994750	0.001	0.000	30.34375	WAIT
242.995245	9.061	14.910	30.09375	EXPOSING
243.499933	9.062	14.919	30.6328125	EXPOSING
243.994743	9.062	14.924	30.8359375	EXPOSING
244.494833	9.061	14.928	30.890625	EXPOSING
244.995370	9.062	14.935	31.03125	EXPOSING
245.496302	9.062	14.939	31.2734375	EXPOSING
245.994779	9.062	14.947	31.234375	EXPOSING
246.494775	9.062	14.950	31.4296875	EXPOSING
246.994785	9.062	14.952	31.484375	EXPOSING
247.499603	9.062	14.953	31.46875	EXPOSING
247.996876	9.062	14.955	31.5390625	EXPOSING
248.494751	9.061	14.958	31.59375	EXPOSING
248.994842	9.062	14.957	31.59375	EXPOSING
249.494884	9.062	14.959	31.7421875	EXPOSING
249.999916	9.062	14.959	31.828125	EXPOSING
250.499864	9.062	14.961	31.90625	EXPOSING
250.994783	9.062	14.961	31.828125	EXPOSING
251.494814	9.063	14.961	31.90625	EXPOSING
251.999072	9.062	14.961	31.9765625	EXPOSING
252.994766	0.027	0.004	31.90625	WAIT
253.494779	0.026	0.002	31.46875	WAIT
253.995879	0.025	0.001	31.234375	WAIT
254.499871	0.001	0.000	30.9296875	WAIT
254.994725	0.001	0.000	30.796875	WAIT
255.494866	0.001	0.000	30.6171875	WAIT
255.995728	0.001	0.000	30.6328125	WAIT
256.994757	9.060	14.908	30.421875	EXPOSING
257.494794	9.062	14.919	30.78125	EXPOSING
257.996370	9.061	14.925	30.875	EXPOSING
258.665722	9.062	14.932	31.109375	EXPOSING
259.000722	9.062	14.936	31.3046875	EXPOSING
259.494660	9.062	14.945	31.34375	EXPOSING
259.994787	9.062	14.949	31.3984375	EXPOSING
260.494791	9.062	14.953	31.578125	EXPOSING
260.999921	9.062	14.956	31.5390625	EXPOSING
261.494756	9.062	14.957	31.6484375	EXPOSING
261.994779	9.061	14.959	31.703125	EXPOSING
262.494793	9.062	14.960	31.8515625	EXPOSING
262.994812	9.062	14.957	31.8828125	EXPOSING
263.499058	9.062	14.959	31.921875	EXPOSING
263.994745	9.063	14.962	31.921875	EXPOSING
264.494783	9.061	14.964	31.953125	EXPOSING
264.998156	9.062	14.965	32.046875	EXPOSING
265.513311	9.062	14.967	32.1171875	EXPOSING
265.995606	9.061	14.968	32.1953125	EXPOSING
266.996853	0.026	0.004	32.140625	WAIT
267.494710	0.026	0.001	31.5078125	WAIT
267.999961	0.000	0.000	31.3203125	WAIT
268.494864	0.001	0.000	31.0859375	WAIT
268.994601	0.001	0.000	30.9453125	WAIT
269.495804	0.001	0.000	30.78125	WAIT
269.994750	0.001	0.000	30.53125	WAIT
270.998160	9.062	14.913	30.453125	EXPOSING
271.499870	9.061	14.932	30.90625	EXPOSING
271.995182	9.062	14.937	31.125	EXPOSING
272.503237	9.062	14.940	31.3203125	EXPOSING
272.994727	9.062	14.945	31.3984375	EXPOSING
273.494824	9.063	14.948	31.46875	EXPOSING
273.994791	9.062	14.949	31.609375	EXPOSING
274.494781	9.061	14.952	31.7578125	EXPOSING
274.995189	9.064	14.953	31.71875	EXPOSING
275.494847	9.063	14.956	31.8828125	EXPOSING
275.994757	9.062	14.957	31.8125	EXPOSING
276.494846	9.063	14.957	32.046875	EXPOSING
276.994830	9.063	14.958	32.0625	EXPOSING
277.494789	9.063	14.960	32.0078125	EXPOSING
277.994823	9.062	14.960	32.0625	EXPOSING
278.494799	9.062	14.961	32.2265625	EXPOSING
278.994784	9.063	14.961	32.2109375	EXPOSING
279.494962	9.063	14.961	32.2265625	EXPOSING
279.994752	9.063	14.962	32.3359375	EXPOSING
280.994853	0.027	0.005	32.3515625	WAIT
281.494857	0.027	0.003	31.609375	WAIT
281.994788	0.000	0.002	31.4140625	WAIT
282.494778	0.002	0.000	31.2890625	WAIT
282.994815	0.002	0.000	31.1640625	WAIT
283.494786	0.001	0.000	30.9609375	WAIT
283.994840	0.002	0.000	30.7421875	WAIT
284.994940	9.061	14.926	30.6875	EXPOSING
285.494770	9.062	14.934	31.125	EXPOSING
285.994807	9.062	14.937	31.1953125	EXPOSING
286.494792	9.063	14.942	31.5390625	EXPOSING
286.994853	9.062	14.945	31.6484375	EXPOSING
287.494792	9.063	14.948	31.6640625	EXPOSING
287.994787	9.062	14.951	31.6875	EXPOSING
288.494813	9.062	14.953	31.90625	EXPOSING
288.994886	9.063	14.954	31.8125	EXPOSING
289.494821	9.063	14.956	31.90625	EXPOSING
289.994772	9.062	14.957	32.03125	EXPOSING
290.494863	9.063	14.958	32.2109375	EXPOSING
290.994788	9.063	14.959	32.15625	EXPOSING
291.494825	9.062	14.960	32.25	EXPOSING
291.994811	9.062	14.960	32.296875	EXPOSING
292.494786	9.062	14.961	32.375	EXPOSING
292.994795	9.062	14.961	32.5	EXPOSING
293.494784	9.062	14.962	32.4453125	EXPOSING
293.994930	9.063	14.962	32.515625	EXPOSING
294.994953	0.027	0.005	32.5	WAIT
295.494782	0.026	0.002	31.796875	WAIT
295.994875	0.026	0.000	31.5078125	WAIT
296.494783	0.001	0.000	31.4140625	WAIT
296.994848	0.002	0.000	31.3046875	WAIT
297.494794	0.002	0.000	31.1953125	WAIT
297.994785	0.002	0.000	30.9765625	WAIT
298.994853	9.061	14.926	30.875	EXPOSING
299.494848	9.063	14.934	31.2734375	EXPOSING
299.994797	9.062	14.938	31.3984375	EXPOSING
300.494849	9.062	14.944	31.5078125	EXPOSING
300.994780	9.062	14.946	31.7578125	EXPOSING
301.494808	9.063	14.950	31.8515625	EXPOSING
301.997215	9.062	14.951	31.8515625	EXPOSING
302.494778	9.062	14.955	31.90625	EXPOSING
302.994915	9.062	14.955	32.140625	EXPOSING
303.494792	9.063	14.957	32.1171875	EXPOSING
303.996086	9.063	14.957	32.140625	EXPOSING
304.494770	9.063	14.958	32.265625	EXPOSING
304.994827	9.063	14.960	32.265625	EXPOSING
305.494777	9.063	14.961	32.3203125	EXPOSING
305.994842	9.064	14.962	32.515625	EXPOSING
306.494785	9.064	14.963	32.4609375	EXPOSING
306.994848	9.062	14.963	32.40625	EXPOSING
307.494808	9.063	14.963	32.484375	EXPOSING
307.994788	9.063	14.964	32.71875	EXPOSING
308.994849	0.027	0.005	32.484375	WAIT
309.494841	0.026	0.003	31.9375	WAIT
309.994773	0.027	0.002	31.703125	WAIT
310.494814	0.002	0.000	31.5078125	WAIT
310.994737	0.001	0.000	31.453125	WAIT
311.494921	0.002	0.000	31.2890625	WAIT
311.994790	0.001	0.000	31.109375	WAIT
312.994858	9.061	14.913	31.0703125	EXPOSING
313.494817	9.063	14.934	31.359375	EXPOSING
313.994821	9.062	14.940	31.5625	EXPOSING
314.494755	9.062	14.944	31.7578125	EXPOSING
314.994846	9.062	14.947	31.90625	EXPOSING
315.494783	9.063	14.950	31.9765625	EXPOSING
315.994813	9.063	14.952	31.9921875	EXPOSING
316.494831	9.062	14.954	32.0625	EXPOSING
316.994813	9.062	14.956	32.171875	EXPOSING
317.494790	9.062	14.957	32.3515625	EXPOSING
317.994787	9.063	14.958	32.25	EXPOSING
318.495419	9.063	14.959	32.3203125	EXPOSING
318.994787	9.063	14.960	32.40625	EXPOSING
319.494953	9.063	14.960	32.5703125	EXPOSING
319.994789	9.063	14.962	32.5	EXPOSING
320.499408	9.063	14.962	32.5703125	EXPOSING
320.996184	9.063	14.963	32.734375	EXPOSING
321.500216	9.062	14.963	32.625	EXPOSING
321.994732	9.063	14.965	32.7734375	EXPOSING
322.994801	0.027	0.005	32.6953125	WAIT
323.497717	0.026	0.003	32.0625	WAIT
323.994728	0.024	0.002	31.796875	WAIT
324.499905	0.002	0.000	31.7421875	WAIT
324.994730	0.002	0.000	31.5234375	WAIT
325.496913	0.001	0.000	31.484375	WAIT
325.994735	0.001	0.000	31.234375	WAIT
326.994776	9.061	14.919	31.1953125	EXPOSING
327.496694	9.062	14.934	31.453125	EXPOSING
327.994700	9.063	14.940	31.6484375	EXPOSING
328.499922	9.062	14.944	31.828125	EXPOSING
328.994771	9.063	14.946	31.9375	EXPOSING
329.499157	9.063	14.949	32.046875	EXPOSING
329.994808	9.064	14.953	32.0078125	EXPOSING
330.498499	9.063	14.954	32.296875	EXPOSING
330.994802	9.062	14.956	32.3203125	EXPOSING
331.499935	9.062	14.958	32.28125	EXPOSING
331.994744	9.063	14.959	32.40625	EXPOSING
332.496214	9.063	14.960	32.515625	EXPOSING
332.994756	9.064	14.962	32.515625	EXPOSING
333.507760	9.063	14.963	32.5703125	EXPOSING
333.994731	9.063	14.962	32.609375	EXPOSING
334.498177	9.063	14.963	32.6796875	EXPOSING
334.994766	9.062	14.963	32.71875	EXPOSING
335.499946	9.062	14.964	32.859375	EXPOSING
335.994750	9.064	14.965	32.9296875	EXPOSING
336.994862	0.028	0.005	32.71875	WAIT
337.495645	0.027	0.003	32.15625	WAIT
337.994775	0.014	0.001	31.9765625	WAIT
338.499960	0.002	0.000	31.8125	WAIT
338.994801	0.001	0.000	31.59375	WAIT
339.495894	0.002	0.000	31.578125	WAIT
339.994707	0.002	0.000	31.3046875	WAIT
341.499934	0.026	0.002	31.21875	WAIT
342.994875	0.026	0.002	30.90625	WAIT
344.499568	0.026	0.003	30.671875	WAIT
345.994802	0.025	0.002	30.53125	WAIT
347.501385	0.026	0.002	30.3125	WAIT
348.995036	0.026	0.002	30.203125	WAIT
350.500003	0.026	0.002	29.9140625	WAIT
351.994908	0.026	0.002	29.78125	WAIT
353.497571	0.026	0.002	29.671875	WAIT
354.994790	0.026	0.002	29.5859375	WAIT
356.500057	0.026	0.003	29.3515625	WAIT
357.994930	0.026	0.002	29.203125	WAIT
359.497225	0.026	0.002	29.171875	WAIT
360.994830	0.026	0.002	29.1328125	WAIT
362.499988	0.026	0.002	28.96875	WAIT
363.994909	0.026	0.002	28.75	WAIT
365.500034	0.026	0.002	28.765625	WAIT
366.994710	0.026	0.002	28.9296875	WAIT
368.498550	0.026	0.002	28.53125	WAIT
369.994841	0.026	0.002	28.625	WAIT
371.499998	0.026	0.002	28.5703125	WAIT
372.994897	0.026	0.002	28.421875	WAIT
374.501020	0.026	0.002	28.3671875	WAIT
375.994908	0.026	0.002	28.4453125	WAIT
377.498721	0.026	0.002	28.2265625	WAIT
378.994883	0.026	0.002	28.2578125	WAIT
380.500032	0.026	0.003	28.3359375	WAIT
381.994836	0.026	0.002	28.1484375	WAIT
383.500075	0.026	0.002	28.1484375	WAIT
384.994907	0.026	0.002	28.0390625	WAIT
386.500038	0.026	0.002	27.953125	WAIT
387.994933	0.026	0.002	27.953125	WAIT
389.498122	0.026	0.003	27.859375	WAIT
390.994805	0.026	0.002	27.84375	WAIT
392.499663	0.026	0.003	27.859375	WAIT
393.994900	0.026	0.002	27.828125	WAIT
395.499972	0.026	0.003	27.84375	WAIT
396.994941	0.026	0.002	27.7734375	WAIT
398.499860	0.026	0.002	27.71875	WAIT
399.994843	0.026	0.002	27.6796875	WAIT
