#Resonance Frequency: 160500.000 kHz
#Set Current: 24.21 A
Time [s]	Current [A]	Voltage [V]	T0 [degC]	State
0.000018	0.001	0.000	30.453125	BEFORE
0.500336	0.001	0.000	30.453125	BEFORE
1.000859	0.001	0.000	30.3671875	BEFORE
1.500290	0.001	0.000	30.4375	BEFORE
2.005445	0.001	0.000	30.53125	BEFORE
2.500292	0.001	0.000	30.2890625	BEFORE
3.005442	0.001	0.000	30.34375	BEFORE
3.505565	0.001	0.000	30.3984375	BEFORE
4.005483	0.001	0.000	30.421875	BEFORE
4.500297	0.001	0.000	30.2421875	BEFORE
5.005443	0.001	0.000	30.2578125	BEFORE
5.500325	0.001	0.000	30.3828125	BEFORE
6.001608	0.001	0.000	30.2578125	BEFORE
6.500353	0.001	0.000	30.2734375	BEFORE
7.005479	0.001	0.000	30.1484375	BEFORE
7.500323	0.001	0.000	30.1640625	BEFORE
8.003283	0.001	0.000	30.2421875	BEFORE
8.500277	0.001	0.000	30.203125	BEFORE
9.005442	0.001	0.000	30.1875	BEFORE
9.500291	0.001	0.000	30.078125	BEFORE
10.002900	0.001	0.000	30.1640625	BEFORE
10.500299	0.001	0.000	30.1875	BEFORE
11.005496	0.001	0.000	30.078125	BEFORE
11.500333	0.001	0.000	30.109375	BEFORE
12.015581	0.001	0.000	29.953125	BEFORE
12.500680	0.001	0.000	29.953125	BEFORE
13.005461	0.001	0.000	29.984375	BEFORE
13.500338	0.001	0.000	30.0546875	BEFORE
14.003476	0.001	0.000	29.9609375	BEFORE
14.500366	0.001	0.000	29.875	BEFORE
15.005462	0.001	0.000	29.9140625	BEFORE
15.500322	0.001	0.000	29.953125	BEFORE
16.001383	0.000	0.000	29.8359375	BEFORE
16.500280	0.001	0.000	29.78125	BEFORE
17.005424	0.000	0.000	29.9140625	BEFORE
17.500304	0.000	0.000	29.765625	BEFORE
18.003673	0.001	0.000	29.8359375	BEFORE
18.500309	0.000	0.000	29.7265625	BEFORE
19.005465	0.000	0.000	29.6953125	BEFORE
19.500346	0.001	0.000	29.78125	BEFORE
20.000620	0.001	0.000	29.7109375	BEFORE
20.500348	0.001	0.000	29.7109375	BEFORE
21.000434	0.000	0.000	29.671875	BEFORE
21.500315	0.001	0.000	29.765625	BEFORE
22.005430	0.000	0.000	29.7265625	BEFORE
22.500284	0.001	0.000	29.6171875	BEFORE
23.003011	0.001	0.000	29.65625	BEFORE
23.500273	0.001	0.000	29.515625	BEFORE
24.005452	0.001	0.000	29.5859375	BEFORE
24.500314	0.001	0.000	29.6015625	BEFORE
25.005376	0.001	0.000	29.4765625	BEFORE
25.500276	0.001	0.000	29.546875	BEFORE
26.031860	0.000	0.000	29.53125	BEFORE
26.500214	0.001	0.000	29.53125	BEFORE
27.002733	0.000	0.000	29.40625	BEFORE
27.500291	0.001	0.000	29.4609375	BEFORE
28.005487	0.001	0.000	29.421875	BEFORE
28.500285	0.001	0.000	29.53125	BEFORE
29.005420	0.001	0.000	29.2734375	BEFORE
29.500317	0.001	0.000	29.3828125	BEFORE
30.004662	0.000	0.000	29.421875	BEFORE
30.500302	0.001	0.000	29.3671875	BEFORE
31.005440	0.000	0.000	29.3828125	BEFORE
31.500375	0.001	0.000	29.421875	BEFORE
32.000978	0.000	0.000	29.328125	BEFORE
32.500260	0.001	0.000	29.1484375	BEFORE
33.005463	0.001	0.000	29.2578125	BEFORE
33.500308	0.000	0.000	29.1875	BEFORE
34.002244	0.001	0.000	29.1484375	BEFORE
34.500294	0.001	0.000	29.203125	BEFORE
35.005453	0.001	0.000	29.1875	BEFORE
35.500355	0.001	0.000	29.1171875	BEFORE
36.002665	0.001	0.000	29.2265625	BEFORE
36.500309	0.001	0.000	29.078125	BEFORE
37.005487	0.001	0.000	29.09375	BEFORE
37.500289	0.001	0.000	29.1171875	BEFORE
38.005453	0.001	0.000	29.0078125	BEFORE
38.500283	0.001	0.000	29.1171875	BEFORE
39.005369	0.002	0.000	29.09375	BEFORE
39.500303	0.000	0.000	29.0625	BEFORE
40.005464	0.001	0.000	29.0078125	BEFORE
40.500299	0.001	0.000	28.8984375	BEFORE
41.001418	0.001	0.000	29.0078125	BEFORE
41.500308	0.001	0.000	28.9453125	BEFORE
42.005608	0.001	0.000	28.96875	BEFORE
42.500314	0.001	0.000	28.8203125	BEFORE
43.005531	0.001	0.000	29.0078125	BEFORE
43.500351	0.001	0.000	28.9453125	BEFORE
44.005500	0.001	0.000	28.9296875	BEFORE
44.500323	0.001	0.000	28.9296875	BEFORE
45.002734	0.001	0.000	28.9140625	BEFORE
45.500368	0.001	0.000	28.8203125	BEFORE
46.003231	0.001	0.000	28.8203125	BEFORE
46.500279	0.000	0.000	28.8046875	BEFORE
47.005450	0.001	0.000	28.8203125	BEFORE
47.500330	0.001	0.000	28.6953125	BEFORE
48.005012	0.001	0.000	28.84375	BEFORE
48.500293	0.001	0.000	28.7109375	BEFORE
49.005436	0.001	0.000	28.765625	BEFORE
49.501954	0.001	0.000	28.7890625	BEFORE
50.005416	0.001	0.000	28.625	BEFORE
50.500369	0.001	0.000	28.734375	BEFORE
51.001035	0.001	0.000	28.5546875	BEFORE
51.500309	0.001	0.000	28.65625	BEFORE
52.001685	0.001	0.000	28.6015625	BEFORE
52.500354	0.000	0.000	28.5546875	BEFORE
53.003722	0.001	0.000	28.6015625	BEFORE
53.500270	0.001	0.000	28.65625	BEFORE
54.005485	0.001	0.000	28.734375	BEFORE
54.500285	0.001	0.000	28.6015625	BEFORE
55.004916	0.000	0.000	28.4765625	BEFORE
55.500279	0.000	0.000	28.5703125	BEFORE
56.005461	0.000	0.000	28.4765625	BEFORE
56.500292	0.001	0.000	28.4609375	BEFORE
57.000479	0.001	0.000	28.53125	BEFORE
57.500333	0.001	0.000	28.40625	BEFORE
58.005486	0.001	0.000	28.421875	BEFORE
58.500384	0.001	0.000	28.2734375	BEFORE
59.005472	0.001	0.000	28.5	BEFORE
59.500377	0.001	0.000	28.4453125	BEFORE
60.001312	0.001	0.000	28.421875	BEFORE
60.500285	0.001	0.000	28.2734375	BEFORE
61.000395	0.001	0.000	28.4453125	BEFORE
61.500282	0.001	0.000	28.2734375	BEFORE
62.005496	0.001	0.000	28.2734375	BEFORE
62.500292	0.000	0.000	28.296875	BEFORE
63.002914	0.001	0.000	28.2265625	BEFORE
63.500261	0.001	0.000	28.296875	BEFORE
64.005440	0.000	0.000	28.2265625	BEFORE
64.500718	0.001	0.000	28.2578125	BEFORE
65.002333	0.001	0.000	28.2265625	BEFORE
65.500356	0.001	0.000	28.171875	BEFORE
66.005093	0.001	0.000	28.09375	BEFORE
66.500410	0.001	0.000	28.1171875	BEFORE
67.001185	0.001	0.000	28.1171875	BEFORE
67.500281	0.000	0.000	28.1875	BEFORE
68.005483	0.000	0.000	28.0078125	BEFORE
68.500292	0.001	0.000	28.1875	BEFORE
69.002852	0.000	0.000	28.1875	BEFORE
69.500304	0.001	0.000	27.875	BEFORE
70.005463	0.001	0.000	28.078125	BEFORE
70.500490	0.001	0.000	28.09375	BEFORE
71.005471	0.001	0.000	28.078125	BEFORE
71.500347	0.000	0.000	28.1171875	BEFORE
72.002500	0.001	0.000	28.09375	BEFORE
72.500291	0.001	0.000	28.0078125	BEFORE
73.005243	0.001	0.000	27.96875	BEFORE
73.500289	0.001	0.000	27.8984375	BEFORE
74.005448	0.000	0.000	27.9140625	BEFORE
74.500294	0.001	0.000	27.953125	BEFORE
75.001456	0.001	0.000	27.875	BEFORE
75.500305	0.001	0.000	27.875	BEFORE
76.005473	0.001	0.000	27.96875	BEFORE
76.500287	0.001	0.000	27.828125	BEFORE
77.004146	0.001	0.000	27.875	BEFORE
77.500301	0.001	0.000	27.7890625	BEFORE
78.005511	0.001	0.000	27.953125	BEFORE
78.500351	0.000	0.000	27.828125	BEFORE
79.005459	0.001	0.000	27.8984375	BEFORE
79.500344	0.001	0.000	27.828125	BEFORE
80.005473	0.001	0.000	27.84375	BEFORE
80.500298	0.000	0.000	27.828125	BEFORE
81.000475	0.001	0.000	27.71875	BEFORE
81.500282	0.001	0.000	27.734375	BEFORE
82.005549	0.000	0.000	27.65625	BEFORE
82.500295	0.001	0.000	27.640625	BEFORE
83.003236	0.001	0.000	27.65625	BEFORE
83.500278	0.001	0.000	27.65625	BEFORE
84.005490	0.001	0.000	27.6796875	BEFORE
84.500289	0.001	0.000	27.6796875	BEFORE
85.005454	0.001	0.000	27.6796875	BEFORE
85.500484	0.001	0.000	27.71875	BEFORE
86.025809	0.001	0.000	27.625	BEFORE
86.500200	0.001	0.000	27.5703125	BEFORE
87.003706	0.001	0.000	27.734375	BEFORE
87.500284	0.000	0.000	27.53125	BEFORE
88.005471	0.001	0.000	27.5859375	BEFORE
88.500276	0.001	0.000	27.4765625	BEFORE
89.002334	0.001	0.000	27.3515625	BEFORE
89.500288	0.001	0.000	27.5703125	BEFORE
90.005481	0.001	0.000	27.6015625	BEFORE
90.500306	0.001	0.000	27.5	BEFORE
91.024971	0.001	0.000	27.4765625	BEFORE
91.500276	0.001	0.000	27.4609375	BEFORE
92.005473	0.001	0.000	27.421875	BEFORE
92.500330	0.001	0.000	27.40625	BEFORE
93.005437	0.000	0.000	27.4765625	BEFORE
93.500349	0.001	0.000	27.390625	BEFORE
94.004205	0.001	0.000	27.40625	BEFORE
94.500316	0.000	0.000	27.3359375	BEFORE
95.004887	0.001	0.000	27.390625	BEFORE
95.500325	0.001	0.000	27.3671875	BEFORE
96.005450	0.001	0.000	27.4609375	BEFORE
96.500294	0.000	0.000	27.3671875	BEFORE
97.003916	0.001	0.000	27.203125	BEFORE
97.500309	0.001	0.000	27.3671875	BEFORE
98.005446	0.001	0.000	27.28125	BEFORE
98.500273	0.000	0.000	27.421875	BEFORE
99.003380	0.000	0.000	27.3359375	BEFORE
99.500332	0.001	0.000	27.2265625	BEFORE
100.005455	0.000	0.000	27.09375	BEFORE
101.005459	24.136	33.414	27.296875	EXPOSING
101.500496	24.137	33.540	29.6171875	EXPOSING
102.004998	24.137	33.651	31.5390625	EXPOSING
102.500296	24.136	33.718	33.3984375	EXPOSING
103.003493	24.137	33.753	35.0703125	EXPOSING
103.500348	24.138	33.790	36.640625	EXPOSING
104.002218	24.137	33.800	38.3359375	EXPOSING
104.500291	24.137	33.845	40.0859375	EXPOSING
105.005418	24.138	33.855	41.6328125	EXPOSING
105.500293	24.138	33.887	43.2265625	EXPOSING
106.002910	24.138	33.906	44.6953125	EXPOSING
106.500273	24.138	33.923	46.1640625	EXPOSING
107.005483	24.138	33.933	47.703125	EXPOSING
107.500304	24.138	33.937	49.1640625	EXPOSING
108.001872	24.138	33.946	50.65625	EXPOSING
108.500309	24.138	33.957	52.1875	EXPOSING
109.005484	24.138	33.940	53.609375	EXPOSING
109.500372	24.138	33.944	54.96875	EXPOSING
110.005411	24.137	33.947	56.2265625	EXPOSING
110.500337	24.137	33.950	57.625	EXPOSING
111.000948	24.138	33.952	58.859375	EXPOSING
111.500338	24.137	33.970	60.1328125	EXPOSING
112.005419	24.138	33.975	61.359375	EXPOSING
112.500296	24.137	33.980	62.5390625	EXPOSING
113.002084	24.139	33.986	63.546875	EXPOSING
113.500307	24.138	33.982	64.578125	EXPOSING
114.005456	24.139	33.993	65.5625	EXPOSING
114.500303	24.138	33.999	66.515625	EXPOSING
115.005479	24.138	34.003	67.40625	EXPOSING
115.500330	24.138	34.006	68.40625	EXPOSING
116.000806	24.137	34.009	69.28125	EXPOSING
116.500285	24.137	34.013	70.0859375	EXPOSING
117.005466	24.137	34.013	70.859375	EXPOSING
117.500283	24.140	34.022	71.7109375	EXPOSING
118.000642	24.138	34.023	72.3984375	EXPOSING
118.500348	24.139	34.026	73.265625	EXPOSING
119.005507	24.138	34.027	74.0390625	EXPOSING
119.500328	24.138	34.028	74.6484375	EXPOSING
120.005333	24.138	34.039	75.46875	EXPOSING
120.500272	24.137	34.037	76.046875	EXPOSING
121.005466	24.138	34.048	76.7109375	EXPOSING
121.500282	24.137	34.048	77.390625	EXPOSING
122.004646	24.138	34.046	77.9453125	EXPOSING
122.500298	24.139	34.051	78.5703125	EXPOSING
123.005431	24.139	34.065	79.1484375	EXPOSING
123.500323	24.138	34.060	79.703125	EXPOSING
124.001653	24.138	34.062	80.2578125	EXPOSING
124.500294	24.137	34.060	80.734375	EXPOSING
125.005450	24.138	34.070	81.234375	EXPOSING
125.500308	24.138	34.073	81.6796875	EXPOSING
126.002246	24.138	34.079	82.2578125	EXPOSING
126.500284	24.137	34.086	82.6328125	EXPOSING
127.005430	24.138	34.090	83.21875	EXPOSING
127.500277	24.139	34.091	83.609375	EXPOSING
128.002603	24.138	34.099	84.0078125	EXPOSING
128.500269	24.138	34.103	84.4609375	EXPOSING
129.005438	24.139	34.105	84.8515625	EXPOSING
129.500315	24.137	34.100	85.25	EXPOSING
130.003692	24.138	34.098	85.5859375	EXPOSING
130.500341	24.138	34.090	85.9375	EXPOSING
131.005446	24.138	34.096	86.4609375	EXPOSING
131.500367	24.139	34.098	86.6875	EXPOSING
132.005492	24.138	34.101	87.0625	EXPOSING
132.500365	24.138	34.107	87.4140625	EXPOSING
133.000884	24.139	34.111	87.6484375	EXPOSING
133.500286	24.138	34.117	87.9765625	EXPOSING
134.005448	24.138	34.120	88.25	EXPOSING
134.500289	24.138	34.126	88.6015625	EXPOSING
135.001595	24.139	34.129	88.8125	EXPOSING
135.500294	24.138	34.127	89.1796875	EXPOSING
136.005439	24.138	34.134	89.4140625	EXPOSING
136.500337	24.138	34.130	89.75	EXPOSING
137.004693	24.138	34.134	89.9296875	EXPOSING
137.500293	24.139	34.135	90.234375	EXPOSING
138.005459	24.139	34.135	90.5	EXPOSING
138.500356	24.139	34.134	90.734375	EXPOSING
139.004358	24.139	34.140	90.984375	EXPOSING
139.500278	24.138	34.140	91.3125	EXPOSING
140.005496	24.139	34.144	91.484375	EXPOSING
140.500277	24.138	34.148	91.75	EXPOSING
141.003078	24.139	34.150	92.046875	EXPOSING
141.500285	24.138	34.158	92.3125	EXPOSING
142.005456	24.139	34.159	92.6328125	EXPOSING
142.500305	24.138	34.157	92.8984375	EXPOSING
143.000856	24.137	34.166	92.9921875	EXPOSING
143.500310	24.138	34.165	93.2109375	EXPOSING
144.005443	24.138	34.167	93.4140625	EXPOSING
144.500356	24.139	34.177	93.7578125	EXPOSING
145.002728	24.138	34.171	93.875	EXPOSING
145.500280	24.139	34.173	94.2109375	EXPOSING
146.005478	24.139	34.178	94.3125	EXPOSING
146.500303	24.139	34.178	94.5703125	EXPOSING
147.001842	24.138	34.179	94.7890625	EXPOSING
147.500304	24.137	34.176	95.0078125	EXPOSING
148.001360	24.137	34.185	95.1875	EXPOSING
148.500304	24.139	34.180	95.40625	EXPOSING
149.005436	24.138	34.188	95.6484375	EXPOSING
149.500292	24.138	34.191	95.765625	EXPOSING
150.005460	24.138	34.188	96.015625	EXPOSING
150.500294	24.137	34.195	96.25	EXPOSING
151.004604	24.138	34.202	96.4453125	EXPOSING
151.500295	24.138	34.203	96.625	EXPOSING
152.005472	24.138	34.206	96.890625	EXPOSING
152.500324	24.138	34.200	97.078125	EXPOSING
153.005504	24.139	34.202	97.1875	EXPOSING
153.500318	24.138	34.204	97.484375	EXPOSING
154.107617	24.138	34.211	97.6171875	EXPOSING
154.500173	24.138	34.213	97.8203125	EXPOSING
155.003798	24.139	34.214	97.96875	EXPOSING
155.500293	24.139	34.223	98.1328125	EXPOSING
156.003632	24.139	34.230	98.3984375	EXPOSING
156.500296	24.140	34.230	98.578125	EXPOSING
157.001666	24.138	34.231	98.671875	EXPOSING
157.500313	24.139	34.235	98.890625	EXPOSING
158.005466	24.139	34.237	99.140625	EXPOSING
158.500297	24.138	34.241	99.3671875	EXPOSING
159.005468	24.139	34.241	99.546875	EXPOSING
159.500293	24.138	34.241	99.6328125	EXPOSING
160.001721	24.138	34.241	99.8828125	EXPOSING
160.500300	24.137	34.242	100.03125	EXPOSING
161.005468	24.138	34.255	100.1953125	EXPOSING
161.500323	24.138	34.255	100.4609375	EXPOSING
162.002094	24.138	34.257	100.5546875	EXPOSING
162.500388	24.138	34.249	100.75	EXPOSING
163.005563	24.139	34.252	100.96875	EXPOSING
163.500299	24.139	34.260	101.1328125	EXPOSING
164.004495	24.139	34.255	101.296875	EXPOSING
164.500253	24.139	34.254	101.4609375	EXPOSING
165.004065	24.138	34.267	101.59375	EXPOSING
165.500261	24.138	34.260	101.6953125	EXPOSING
166.005424	24.138	34.265	101.953125	EXPOSING
166.500339	24.139	34.276	102.1640625	EXPOSING
167.003190	24.138	34.261	102.265625	EXPOSING
167.500279	24.140	34.265	102.453125	EXPOSING
168.005434	24.139	34.276	102.5625	EXPOSING
168.500336	24.138	34.271	102.6640625	EXPOSING
169.005439	24.139	34.273	102.84375	EXPOSING
169.500300	24.138	34.273	102.9375	EXPOSING
170.004825	24.139	34.275	103.171875	EXPOSING
170.500383	24.139	34.284	103.28125	EXPOSING
171.004536	24.138	34.282	103.453125	EXPOSING
171.500360	24.139	34.266	103.7265625	EXPOSING
172.001702	24.139	34.279	103.7578125	EXPOSING
172.500281	24.139	34.283	103.84375	EXPOSING
173.005407	24.139	34.286	104.140625	EXPOSING
173.500393	24.139	34.290	104.21875	EXPOSING
174.003192	24.138	34.287	104.3671875	EXPOSING
174.500334	24.138	34.287	104.484375	EXPOSING
175.005453	24.138	34.288	104.59375	EXPOSING
175.500303	24.140	34.289	104.828125	EXPOSING
176.003967	24.139	34.295	104.7890625	EXPOSING
176.500412	24.138	34.290	104.9609375	EXPOSING
177.005464	24.138	34.293	105.109375	EXPOSING
177.500324	24.136	34.296	105.3828125	EXPOSING
178.003076	24.138	34.296	105.4375	EXPOSING
178.500360	24.137	34.299	105.59375	EXPOSING
179.003837	24.138	34.303	105.7578125	EXPOSING
179.500281	24.137	34.309	105.890625	EXPOSING
180.005444	24.138	34.309	105.890625	EXPOSING
180.500288	24.137	34.307	106.0859375	EXPOSING
181.003527	24.138	34.310	106.21875	EXPOSING
181.500362	24.137	34.317	106.3125	EXPOSING
182.005439	24.137	34.318	106.546875	EXPOSING
182.500335	24.139	34.316	106.6484375	EXPOSING
183.005479	24.137	34.325	106.890625	EXPOSING
183.500355	24.138	34.328	106.953125	EXPOSING
184.000457	24.138	34.334	107.1171875	EXPOSING
184.500310	24.137	34.340	107.25	EXPOSING
185.005474	24.137	34.321	107.3671875	EXPOSING
185.500277	24.138	34.319	107.5234375	EXPOSING
186.004933	24.137	34.322	107.625	EXPOSING
186.500274	24.137	34.328	107.71875	EXPOSING
187.005479	24.137	34.330	107.8359375	EXPOSING
187.500295	24.136	34.330	108.078125	EXPOSING
188.003753	24.136	34.331	108.1171875	EXPOSING
188.500278	24.137	34.333	108.2890625	EXPOSING
189.005476	24.138	34.338	108.453125	EXPOSING
189.500389	24.137	34.336	108.375	EXPOSING
190.004515	24.137	34.344	108.6015625	EXPOSING
190.500310	24.138	34.335	108.6953125	EXPOSING
191.005509	24.137	34.341	108.9453125	EXPOSING
191.500350	24.139	34.351	109.0078125	EXPOSING
192.002312	24.139	34.350	109.171875	EXPOSING
192.500372	24.140	34.356	109.2734375	EXPOSING
193.005461	24.139	34.344	109.390625	EXPOSING
193.500326	24.140	34.356	109.578125	EXPOSING
194.003440	24.139	34.346	109.6640625	EXPOSING
194.500299	24.139	34.355	109.765625	EXPOSING
195.005459	24.139	34.353	109.90625	EXPOSING
195.500285	24.139	34.350	110.0546875	EXPOSING
196.008749	24.139	34.349	110.1796875	EXPOSING
196.500298	24.139	34.352	110.2265625	EXPOSING
197.005477	24.139	34.368	110.359375	EXPOSING
197.500348	24.139	34.367	110.4921875	EXPOSING
198.001064	24.138	34.361	110.6171875	EXPOSING
198.500393	24.137	34.362	110.734375	EXPOSING
199.005011	24.137	34.364	110.8203125	EXPOSING
199.500312	24.139	34.369	110.9921875	EXPOSING
200.001322	24.138	34.369	111.0625	EXPOSING
201.005539	0.018	0.006	111.2109375	WAIT
201.500322	0.017	0.003	107.5390625	WAIT
202.003716	0.017	0.002	105.7109375	WAIT
202.500278	0.016	0.001	103.9453125	WAIT
203.005466	0.008	0.001	102.4765625	WAIT
203.500311	0.001	0.000	100.8671875	WAIT
204.001297	0.001	0.000	99.6015625	WAIT
204.500333	0.001	0.000	98.296875	WAIT
205.005438	0.000	0.000	96.890625	WAIT
205.500303	0.001	0.000	95.75	WAIT
206.005479	0.001	0.000	94.671875	WAIT
206.500307	0.001	0.000	93.4765625	WAIT
207.000850	0.001	0.000	92.546875	WAIT
207.500304	0.001	0.000	91.3515625	WAIT
208.002537	0.000	0.000	90.453125	WAIT
208.500285	0.001	0.000	89.515625	WAIT
209.010526	0.001	0.000	88.546875	WAIT
209.500273	0.001	0.000	87.625	WAIT
210.005480	0.000	0.000	87.0234375	WAIT
210.500296	0.001	0.000	86.0859375	WAIT
211.000967	0.000	0.000	85.4375	WAIT
211.500320	0.001	0.000	84.5625	WAIT
212.005452	0.001	0.000	83.8046875	WAIT
212.500322	0.001	0.000	83.1484375	WAIT
213.003622	0.001	0.000	82.4453125	WAIT
213.500309	0.001	0.000	81.78125	WAIT
214.005427	0.001	0.000	81.0859375	WAIT
214.500325	0.001	0.000	80.3984375	WAIT
215.005659	0.001	0.000	79.890625	WAIT
215.500325	0.001	0.000	79.3125	WAIT
216.004857	0.001	0.000	78.71875	WAIT
216.500330	0.001	0.000	78.109375	WAIT
217.004508	0.001	0.000	77.625	WAIT
217.500279	0.001	0.000	77.046875	WAIT
218.005467	0.001	0.000	76.5859375	WAIT
218.500301	0.001	0.000	75.9765625	WAIT
219.005504	0.001	0.000	75.671875	WAIT
219.500288	0.001	0.000	75.0546875	WAIT
220.003055	0.001	0.000	74.6328125	WAIT
220.500320	0.001	0.000	74.2578125	WAIT
221.005460	0.001	0.000	73.640625	WAIT
221.500254	0.001	0.000	73.28125	WAIT
222.003950	0.001	0.000	72.84375	WAIT
222.500302	0.001	0.000	72.5	WAIT
223.085608	0.001	0.000	72.0	WAIT
223.500166	0.000	0.000	71.4765625	WAIT
224.004214	0.001	0.000	71.1328125	WAIT
224.500303	0.001	0.000	70.7890625	WAIT
225.005436	0.001	0.000	70.5	WAIT
225.500327	0.002	0.000	70.1015625	WAIT
226.005535	0.001	0.000	69.765625	WAIT
226.500272	0.001	0.000	69.3515625	WAIT
227.002867	0.001	0.000	69.0546875	WAIT
227.500255	0.001	0.000	68.6796875	WAIT
228.005478	0.001	0.000	68.375	WAIT
228.500344	0.001	0.000	68.1171875	WAIT
229.002856	0.001	0.000	67.71875	WAIT
229.500354	0.001	0.000	67.359375	WAIT
230.005484	0.000	0.000	67.0859375	WAIT
230.500277	0.001	0.000	66.84375	WAIT
231.013397	0.001	0.000	66.5	WAIT
231.500259	0.000	0.000	66.1875	WAIT
232.005442	0.001	0.000	65.9609375	WAIT
232.500305	0.000	0.000	65.53125	WAIT
233.000367	0.001	0.000	65.2578125	WAIT
233.500303	0.001	0.000	65.0703125	WAIT
234.005484	0.001	0.000	64.859375	WAIT
234.500259	0.000	0.000	64.578125	WAIT
235.004654	0.001	0.000	64.3046875	WAIT
235.500315	0.001	0.000	64.1328125	WAIT
236.002906	0.001	0.000	63.921875	WAIT
236.500357	0.001	0.000	63.6875	WAIT
237.003346	0.001	0.000	63.359375	WAIT
237.500271	0.001	0.000	63.03125	WAIT
238.005489	0.001	0.000	62.8515625	WAIT
238.500317	0.001	0.000	62.578125	WAIT
239.007924	0.001	0.000	62.3984375	WAIT
239.500257	0.001	0.000	62.125	WAIT
240.005451	0.001	0.000	61.921875	WAIT
240.500321	0.001	0.000	61.7578125	WAIT
241.002479	0.001	0.000	61.5	WAIT
241.500342	0.001	0.000	61.296875	WAIT
242.005418	0.001	0.000	61.1875	WAIT
242.500354	0.001	0.000	60.9140625	WAIT
243.000579	0.001	0.000	60.7578125	WAIT
243.500273	0.001	0.000	60.515625	WAIT
244.005455	0.001	0.000	60.375	WAIT
244.500365	0.001	0.000	60.1484375	WAIT
245.002996	0.001	0.000	59.9375	WAIT
245.500281	0.001	0.000	59.78125	WAIT
246.005484	0.001	0.000	59.640625	WAIT
246.500388	0.001	0.000	59.3828125	WAIT
247.001686	0.001	0.000	59.28125	WAIT
247.500590	0.001	0.000	58.96875	WAIT
248.005476	0.001	0.000	58.84375	WAIT
248.500325	0.001	0.000	58.65625	WAIT
249.005483	0.002	0.000	58.6328125	WAIT
249.500372	0.001	0.000	58.390625	WAIT
250.001554	0.001	0.000	58.21875	WAIT
250.500280	0.001	0.000	58.09375	WAIT
251.005473	0.001	0.000	57.8671875	WAIT
251.500319	0.001	0.000	57.78125	WAIT
252.001369	0.001	0.000	57.6953125	WAIT
252.500325	0.002	0.000	57.46875	WAIT
253.005466	0.001	0.000	57.3125	WAIT
253.500326	0.001	0.000	57.1171875	WAIT
254.005535	0.001	0.000	56.9296875	WAIT
254.500288	0.001	0.000	56.875	WAIT
255.000754	0.001	0.000	56.578125	WAIT
255.500288	0.001	0.000	56.5234375	WAIT
256.002731	0.001	0.000	56.4765625	WAIT
256.500365	0.002	0.000	56.28125	WAIT
257.002527	0.001	0.000	56.0859375	WAIT
257.500266	0.001	0.000	56.109375	WAIT
258.005487	0.000	0.000	55.953125	WAIT
258.500306	0.001	0.000	55.84375	WAIT
259.001497	0.002	0.000	55.6015625	WAIT
259.500339	0.001	0.000	55.6015625	WAIT
260.005431	0.000	0.000	55.40625	WAIT
260.500366	0.001	0.000	55.203125	WAIT
261.005470	0.001	0.000	55.09375	WAIT
261.500359	0.001	0.000	54.9375	WAIT
262.003836	0.001	0.000	54.7421875	WAIT
262.500346	0.001	0.000	54.6015625	WAIT
263.000506	0.001	0.000	54.53125	WAIT
263.500300	0.001	0.000	54.328125	WAIT
264.001872	0.001	0.000	54.375	WAIT
264.500292	0.001	0.000	54.1015625	WAIT
265.005489	0.001	0.000	54.1484375	WAIT
265.500280	0.001	0.000	53.9375	WAIT
266.005439	0.001	0.000	53.90625	WAIT
266.500285	0.001	0.000	53.75	WAIT
267.006183	0.001	0.000	53.65625	WAIT
267.500256	0.001	0.000	53.5546875	WAIT
268.005473	0.001	0.000	53.3984375	WAIT
268.500302	0.001	0.000	53.2734375	WAIT
269.002021	0.001	0.000	53.3125	WAIT
269.500247	0.001	0.000	53.1328125	WAIT
270.005489	0.001	0.000	53.0234375	WAIT
270.500352	0.001	0.000	52.90625	WAIT
271.004741	0.001	0.000	52.75	WAIT
271.500318	0.001	0.000	52.7109375	WAIT
272.005454	0.001	0.000	52.5390625	WAIT
272.500283	0.001	0.000	52.3984375	WAIT
273.003246	0.001	0.000	52.453125	WAIT
273.500255	0.001	0.000	52.2890625	WAIT
274.005498	0.001	0.000	52.1171875	WAIT
274.500298	0.001	0.000	52.1328125	WAIT
275.008799	0.001	0.000	51.9375	WAIT
275.500289	0.000	0.000	51.78125	WAIT
276.005516	0.001	0.000	51.6953125	WAIT
276.500313	0.001	0.000	51.65625	WAIT
277.005587	0.001	0.000	51.5	WAIT
277.500293	0.001	0.000	51.46875	WAIT
278.001095	0.001	0.000	51.34375	WAIT
278.500273	0.001	0.000	51.2578125	WAIT
279.005430	0.001	0.000	51.203125	WAIT
279.500343	0.001	0.000	51.078125	WAIT
280.001390	0.001	0.000	50.921875	WAIT
280.500353	0.001	0.000	50.90625	WAIT
281.005547	0.002	0.000	50.8203125	WAIT
281.500286	0.001	0.000	50.6796875	WAIT
282.003807	0.001	0.000	50.609375	WAIT
282.500302	0.001	0.000	50.609375	WAIT
283.021135	0.001	0.000	50.4453125	WAIT
283.500176	0.001	0.000	50.390625	WAIT
284.010603	0.001	0.000	50.2734375	WAIT
284.500270	0.002	0.000	50.1171875	WAIT
285.005502	0.001	0.000	50.0625	WAIT
285.500293	0.001	0.000	49.9765625	WAIT
286.000612	0.000	0.000	50.0078125	WAIT
286.500323	0.001	0.000	49.78125	WAIT
287.000523	0.001	0.000	49.7265625	WAIT
287.500320	0.001	0.000	49.7265625	WAIT
288.004667	0.001	0.000	49.53125	WAIT
288.500291	0.001	0.000	49.390625	WAIT
289.005436	0.001	0.000	49.4296875	WAIT
289.500304	0.001	0.000	49.3359375	WAIT
290.005548	0.001	0.000	49.3046875	WAIT
290.500276	0.001	0.000	49.09375	WAIT
291.005122	0.001	0.000	49.234375	WAIT
291.500283	0.001	0.000	49.0390625	WAIT
292.005430	0.000	0.000	48.984375	WAIT
292.500314	0.001	0.000	48.7578125	WAIT
293.001535	0.001	0.000	48.796875	WAIT
293.500394	0.000	0.000	48.7421875	WAIT
294.005456	0.000	0.000	48.4921875	WAIT
294.500346	0.001	0.000	48.5859375	WAIT
295.005271	0.001	0.000	48.421875	WAIT
295.500306	0.001	0.000	48.4453125	WAIT
296.005470	0.000	0.000	48.3515625	WAIT
296.500265	0.000	0.000	48.296875	WAIT
297.001870	0.001	0.000	48.2265625	WAIT
297.500273	0.001	0.000	48.0859375	WAIT
298.005459	0.001	0.000	48.0859375	WAIT
298.500347	0.001	0.000	47.9296875	WAIT
299.005463	0.000	0.000	47.828125	WAIT
299.500372	0.000	0.000	47.828125	WAIT
300.003005	0.001	0.000	47.71875	WAIT
300.500325	0.001	0.000	47.59375	WAIT
301.001923	0.001	0.000	47.421875	WAIT
301.500376	0.000	0.000	47.4921875	WAIT
302.003672	0.001	0.000	47.3671875	WAIT
302.500277	0.001	0.000	47.2265625	WAIT
303.005441	0.000	0.000	47.3125	WAIT
303.500271	0.000	0.000	47.15625	WAIT
304.000635	0.000	0.000	47.1015625	WAIT
304.500306	0.000	0.000	47.046875	WAIT
305.005434	0.001	0.000	46.921875	WAIT
305.500319	0.001	0.000	46.8359375	WAIT
306.002150	0.001	0.000	46.890625	WAIT
306.500643	0.001	0.000	46.75	WAIT
307.005445	0.001	0.000	46.625	WAIT
307.500327	0.001	0.000	46.5546875	WAIT
308.004289	0.001	0.000	46.5546875	WAIT
308.500354	0.001	0.000	46.46875	WAIT
309.000499	0.001	0.000	46.328125	WAIT
309.500258	0.001	0.000	46.328125	WAIT
310.005442	0.001	0.000	46.328125	WAIT
310.500310	0.001	0.000	46.203125	WAIT
311.003425	0.001	0.000	46.078125	WAIT
311.500272	0.001	0.000	46.109375	WAIT
312.005444	0.001	0.000	46.0078125	WAIT
312.500294	0.001	0.000	45.953125	WAIT
313.000970	0.001	0.000	45.8828125	WAIT
313.500348	0.002	0.000	45.828125	WAIT
314.005480	0.001	0.000	45.6875	WAIT
314.500332	0.001	0.000	45.6328125	WAIT
315.002676	0.001	0.000	45.671875	WAIT
315.500306	0.001	0.000	45.6328125	WAIT
316.005439	0.001	0.000	45.421875	WAIT
316.500417	0.001	0.000	45.421875	WAIT
317.000338	0.001	0.000	45.53125	WAIT
317.500279	0.001	0.000	45.2265625	WAIT
318.005462	0.001	0.000	45.28125	WAIT
318.500319	0.001	0.000	45.296875	WAIT
319.002569	0.001	0.000	45.015625	WAIT
319.500317	0.001	0.000	45.0	WAIT
320.005474	0.001	0.000	45.1015625	WAIT
320.500337	0.001	0.000	45.0703125	WAIT
321.005517	0.001	0.000	44.8359375	WAIT
321.500367	0.001	0.000	44.8359375	WAIT
322.004421	0.001	0.000	44.8046875	WAIT
322.500329	0.001	0.000	44.7890625	WAIT
323.005453	0.001	0.000	44.5703125	WAIT
323.500317	0.001	0.000	44.5	WAIT
324.001887	0.001	0.000	44.4140625	WAIT
324.500272	0.001	0.000	44.3828125	WAIT
325.005472	0.001	0.000	44.4296875	WAIT
325.500329	0.001	0.000	44.2734375	WAIT
326.003653	0.001	0.000	44.2890625	WAIT
326.500269	0.001	0.000	44.1640625	WAIT
327.005447	0.001	0.000	44.078125	WAIT
327.500297	0.001	0.000	44.0078125	WAIT
328.000928	0.001	0.000	43.9375	WAIT
328.500285	0.001	0.000	43.8828125	WAIT
329.005468	0.001	0.000	43.8671875	WAIT
329.500317	0.001	0.000	43.921875	WAIT
330.004245	0.001	0.000	43.828125	WAIT
330.500274	0.001	0.000	43.65625	WAIT
331.005473	0.001	0.000	43.6328125	WAIT
331.500367	0.000	0.000	43.6171875	WAIT
332.002535	0.001	0.000	43.5078125	WAIT
332.500293	0.001	0.000	43.5078125	WAIT
333.005400	0.001	0.000	43.4765625	WAIT
333.500490	0.001	0.000	43.390625	WAIT
334.005448	0.001	0.000	43.3671875	WAIT
334.500339	0.001	0.000	43.296875	WAIT
335.000792	0.001	0.000	43.28125	WAIT
335.500386	0.001	0.000	43.140625	WAIT
336.004940	0.001	0.000	43.1015625	WAIT
336.500316	0.002	0.000	43.0	WAIT
337.004796	0.001	0.000	43.03125	WAIT
337.500288	0.001	0.000	42.8359375	WAIT
338.005453	0.001	0.000	42.890625	WAIT
338.500263	0.001	0.000	42.8046875	WAIT
339.001682	0.001	0.000	42.8046875	WAIT
339.500277	0.001	0.000	42.6953125	WAIT
340.005511	0.001	0.000	42.6796875	WAIT
340.500371	0.001	0.000	42.640625	WAIT
341.000716	0.001	0.000	42.5546875	WAIT
341.500336	0.000	0.000	42.5	WAIT
342.005476	0.001	0.000	42.4140625	WAIT
342.500311	0.001	0.000	42.359375	WAIT
343.004764	0.001	0.000	42.34375	WAIT
343.500321	0.000	0.000	42.3046875	WAIT
344.001086	0.001	0.000	42.21875	WAIT
344.500304	0.001	0.000	42.1484375	WAIT
345.005476	0.001	0.000	42.203125	WAIT
345.500363	0.001	0.000	41.9765625	WAIT
346.003788	0.001	0.000	42.0078125	WAIT
346.500310	0.001	0.000	42.046875	WAIT
347.005433	0.001	0.000	41.921875	WAIT
347.500356	0.001	0.000	41.8828125	WAIT
348.002210	0.001	0.000	41.765625	WAIT
348.500111	0.001	0.000	41.8828125	WAIT
349.003958	0.001	0.000	41.7265625	WAIT
349.500386	0.001	0.000	41.6875	WAIT
350.005437	0.001	0.000	41.671875	WAIT
350.500340	0.001	0.000	41.6328125	WAIT
351.004243	0.001	0.000	41.53125	WAIT
351.500306	0.001	0.000	41.3515625	WAIT
352.003330	0.001	0.000	41.4453125	WAIT
352.500298	0.001	0.000	41.421875	WAIT
353.005510	0.001	0.000	41.296875	WAIT
353.500273	0.000	0.000	41.28125	WAIT
354.005461	0.001	0.000	41.2265625	WAIT
354.500284	0.001	0.000	41.2265625	WAIT
355.001452	0.001	0.000	41.171875	WAIT
355.500281	0.001	0.000	41.1015625	WAIT
356.005440	0.001	0.000	41.0859375	WAIT
356.500354	0.001	0.000	41.0078125	WAIT
357.002027	0.000	0.000	40.9453125	WAIT
357.500305	0.000	0.000	40.890625	WAIT
358.005521	0.001	0.000	40.90625	WAIT
358.500278	0.001	0.000	40.875	WAIT
359.005473	0.001	0.000	40.765625	WAIT
359.500275	0.000	0.000	40.734375	WAIT
360.000587	0.000	0.000	40.5703125	WAIT
360.500294	0.001	0.000	40.5703125	WAIT
361.005466	0.001	0.000	40.546875	WAIT
361.500372	0.001	0.000	40.4453125	WAIT
362.003434	0.001	0.000	40.4453125	WAIT
362.500281	0.001	0.000	40.4921875	WAIT
363.005432	0.001	0.000	40.375	WAIT
363.500296	0.001	0.000	40.3203125	WAIT
364.003434	0.001	0.000	40.3203125	WAIT
364.500252	0.000	0.000	40.0859375	WAIT
365.005509	0.001	0.000	40.25	WAIT
365.500294	0.001	0.000	40.2109375	WAIT
366.002326	0.000	0.000	40.2265625	WAIT
366.500314	0.001	0.000	40.0703125	WAIT
367.005472	0.001	0.000	39.9765625	WAIT
367.500274	0.001	0.000	39.9140625	WAIT
368.001981	0.001	0.000	39.9296875	WAIT
368.500312	0.001	0.000	39.9140625	WAIT
369.004553	0.001	0.000	39.6953125	WAIT
369.500351	0.001	0.000	39.8046875	WAIT
370.005378	0.001	0.000	39.6796875	WAIT
370.500331	0.000	0.000	39.609375	WAIT
371.005480	0.001	0.000	39.765625	WAIT
371.500291	0.001	0.000	39.59375	WAIT
372.005131	0.001	0.000	39.625	WAIT
372.500253	0.000	0.000	39.515625	WAIT
373.005477	0.001	0.000	39.4453125	WAIT
373.500374	0.000	0.000	39.4296875	WAIT
374.003031	0.001	0.000	39.40625	WAIT
374.500292	0.001	0.000	39.4296875	WAIT
375.005460	0.001	0.000	39.3203125	WAIT
375.500350	0.001	0.000	39.1953125	WAIT
376.000587	0.001	0.000	39.1953125	WAIT
376.500346	0.001	0.000	39.2109375	WAIT
377.001016	0.001	0.000	39.140625	WAIT
377.500289	0.001	0.000	39.15625	WAIT
378.001953	0.001	0.000	39.0390625	WAIT
378.500294	0.000	0.000	39.015625	WAIT
379.005491	0.000	0.000	39.0390625	WAIT
379.500260	0.001	0.000	38.9296875	WAIT
