#Resonance Frequency: 160500.000 kHz
#Set Current: 27.24 A
Time [s]	Current [A]	Voltage [V]	T0 [degC]	State
0.000029	0.001	0.000	29.546875	BEFORE
0.500137	0.000	0.000	29.5703125	BEFORE
1.001243	0.001	0.000	29.5859375	BEFORE
1.500159	0.001	0.000	29.546875	BEFORE
2.000110	0.001	0.000	29.328125	BEFORE
2.500106	0.001	0.000	29.53125	BEFORE
3.000154	0.001	0.000	29.53125	BEFORE
3.500130	0.001	0.000	29.328125	BEFORE
4.000097	0.000	0.000	29.4375	BEFORE
4.500091	0.001	0.000	29.3828125	BEFORE
5.000010	0.000	0.000	29.421875	BEFORE
5.500142	0.000	0.000	29.515625	BEFORE
6.000094	0.001	0.000	29.421875	BEFORE
6.500132	0.001	0.000	29.296875	BEFORE
6.999902	0.000	0.000	29.421875	BEFORE
7.500154	0.001	0.000	29.40625	BEFORE
8.005124	0.001	0.000	29.4609375	BEFORE
8.500175	0.000	0.000	29.2421875	BEFORE
9.000105	0.001	0.000	29.3125	BEFORE
9.500090	0.001	0.000	29.328125	BEFORE
10.000157	0.001	0.000	29.2421875	BEFORE
10.500096	0.001	0.000	29.2265625	BEFORE
10.999975	0.001	0.000	29.203125	BEFORE
11.500083	0.001	0.000	29.171875	BEFORE
12.000111	0.001	0.000	29.2421875	BEFORE
12.500101	0.001	0.000	29.1171875	BEFORE
13.001327	0.000	0.000	29.1171875	BEFORE
13.500141	0.001	0.000	29.2421875	BEFORE
14.000113	0.001	0.000	29.078125	BEFORE
14.500197	0.001	0.000	29.171875	BEFORE
15.003978	0.001	0.000	29.0625	BEFORE
15.500088	0.000	0.000	29.0078125	BEFORE
16.000129	0.001	0.000	29.09375	BEFORE
16.500168	0.000	0.000	29.09375	BEFORE
17.000092	0.001	0.000	28.8984375	BEFORE
17.501515	0.001	0.000	28.8984375	BEFORE
18.000109	0.001	0.000	28.96875	BEFORE
18.500103	0.001	0.000	29.0078125	BEFORE
19.000100	0.001	0.000	28.96875	BEFORE
19.500137	0.001	0.000	29.09375	BEFORE
20.005227	0.001	0.000	28.84375	BEFORE
20.500210	0.001	0.000	28.8046875	BEFORE
21.000102	0.000	0.000	28.9140625	BEFORE
21.500139	0.001	0.000	28.7890625	BEFORE
22.006861	0.000	0.000	28.8203125	BEFORE
22.500106	0.000	0.000	28.734375	BEFORE
23.005185	0.001	0.000	28.8046875	BEFORE
23.500165	0.000	0.000	28.8046875	BEFORE
23.999912	0.001	0.000	28.8203125	BEFORE
24.500140	0.001	0.000	28.8046875	BEFORE
25.000605	0.001	0.000	28.7890625	BEFORE
25.500171	0.001	0.000	28.6953125	BEFORE
26.005266	0.001	0.000	28.765625	BEFORE
26.500096	0.001	0.000	28.75	BEFORE
27.003308	0.000	0.000	28.6015625	BEFORE
27.500119	0.000	0.000	28.75	BEFORE
28.001043	0.000	0.000	28.53125	BEFORE
28.500125	0.001	0.000	28.734375	BEFORE
29.005223	0.000	0.000	28.640625	BEFORE
29.500199	0.001	0.000	28.640625	BEFORE
29.999980	0.001	0.000	28.6015625	BEFORE
30.500146	0.000	0.000	28.734375	BEFORE
31.062591	0.001	0.000	28.65625	BEFORE
31.499994	0.001	0.000	28.6015625	BEFORE
32.000104	0.001	0.000	28.5	BEFORE
32.500129	0.001	0.000	28.53125	BEFORE
33.000099	0.000	0.000	28.5	BEFORE
33.500139	0.001	0.000	28.5546875	BEFORE
34.000108	0.000	0.000	28.515625	BEFORE
34.500135	0.000	0.000	28.5859375	BEFORE
35.002148	0.001	0.000	28.4609375	BEFORE
35.500147	0.001	0.000	28.421875	BEFORE
35.999884	0.001	0.000	28.3359375	BEFORE
36.500109	0.000	0.000	28.5546875	BEFORE
37.000107	0.001	0.000	28.40625	BEFORE
37.500142	0.001	0.000	28.4453125	BEFORE
38.000124	0.001	0.000	28.4453125	BEFORE
38.500092	0.001	0.000	28.4609375	BEFORE
39.000109	0.001	0.000	28.2265625	BEFORE
39.500111	0.000	0.000	28.3125	BEFORE
40.000253	0.001	0.000	28.4453125	BEFORE
40.500120	0.000	0.000	28.296875	BEFORE
41.000022	0.000	0.000	28.203125	BEFORE
41.500113	0.001	0.000	28.3359375	BEFORE
42.000138	0.001	0.000	28.296875	BEFORE
42.500165	0.001	0.000	28.1484375	BEFORE
42.999915	0.001	0.000	28.203125	BEFORE
43.500099	0.001	0.000	28.171875	BEFORE
44.001686	0.001	0.000	28.1484375	BEFORE
44.500120	0.001	0.000	28.2578125	BEFORE
45.000126	0.001	0.000	28.2265625	BEFORE
45.500113	0.001	0.000	28.203125	BEFORE
46.000116	0.001	0.000	28.1328125	BEFORE
46.500124	0.001	0.000	28.1484375	BEFORE
47.000235	0.001	0.000	28.2265625	BEFORE
47.500135	0.001	0.000	28.078125	BEFORE
48.000146	0.000	0.000	28.078125	BEFORE
48.500159	0.001	0.000	28.1875	BEFORE
49.000565	0.001	0.000	28.0078125	BEFORE
49.500175	0.001	0.000	28.0625	BEFORE
50.000108	0.000	0.000	28.0234375	BEFORE
50.500202	0.001	0.000	27.9296875	BEFORE
51.002361	0.000	0.000	27.96875	BEFORE
51.500120	0.001	0.000	27.96875	BEFORE
52.000326	0.001	0.000	27.875	BEFORE
52.500108	0.000	0.000	27.9296875	BEFORE
53.002363	0.000	0.000	27.96875	BEFORE
53.500121	0.001	0.000	27.953125	BEFORE
54.000127	0.000	0.000	27.828125	BEFORE
54.500133	0.001	0.000	27.859375	BEFORE
55.000098	0.001	0.000	27.8984375	BEFORE
55.500148	0.001	0.000	27.828125	BEFORE
56.005240	0.000	0.000	27.8046875	BEFORE
56.500089	0.000	0.000	27.828125	BEFORE
57.000208	0.001	0.000	27.859375	BEFORE
57.500110	0.000	0.000	27.7890625	BEFORE
58.000111	0.000	0.000	27.875	BEFORE
58.500113	0.000	0.000	27.7734375	BEFORE
59.000498	0.000	0.000	27.953125	BEFORE
59.500107	0.001	0.000	27.6953125	BEFORE
60.005251	0.001	0.000	27.71875	BEFORE
60.500132	0.001	0.000	27.75	BEFORE
61.000103	0.001	0.000	27.6953125	BEFORE
61.500123	0.001	0.000	27.625	BEFORE
62.003203	0.001	0.000	27.6015625	BEFORE
62.500128	0.001	0.000	27.6953125	BEFORE
63.005048	0.000	0.000	27.6015625	BEFORE
63.500122	0.001	0.000	27.6953125	BEFORE
64.003661	0.001	0.000	27.5	BEFORE
64.500158	0.001	0.000	27.6015625	BEFORE
65.000107	0.001	0.000	27.5859375	BEFORE
65.500165	0.001	0.000	27.640625	BEFORE
66.000188	0.001	0.000	27.6953125	BEFORE
66.500126	0.000	0.000	27.515625	BEFORE
67.000010	0.001	0.000	27.6015625	BEFORE
67.500160	0.001	0.000	27.5859375	BEFORE
68.000133	0.001	0.000	27.515625	BEFORE
68.500114	0.000	0.000	27.390625	BEFORE
68.999888	0.000	0.000	27.546875	BEFORE
69.500115	0.001	0.000	27.515625	BEFORE
70.003441	0.001	0.000	27.546875	BEFORE
70.500180	0.001	0.000	27.546875	BEFORE
71.000101	0.001	0.000	27.5703125	BEFORE
71.500503	0.001	0.000	27.390625	BEFORE
72.000504	0.001	0.000	27.5	BEFORE
72.500138	0.001	0.000	27.3125	BEFORE
73.000024	0.001	0.000	27.5	BEFORE
73.500178	0.001	0.000	27.3515625	BEFORE
74.007601	0.001	0.000	27.4609375	BEFORE
74.500087	0.000	0.000	27.296875	BEFORE
75.005008	0.000	0.000	27.390625	BEFORE
75.500090	0.001	0.000	27.2578125	BEFORE
76.000120	0.000	0.000	27.3125	BEFORE
76.500103	0.000	0.000	27.3515625	BEFORE
77.000812	0.001	0.000	27.2265625	BEFORE
77.500097	0.001	0.000	27.203125	BEFORE
78.000735	0.000	0.000	27.3125	BEFORE
78.500199	0.001	0.000	27.3125	BEFORE
79.000105	0.001	0.000	27.296875	BEFORE
79.500152	0.001	0.000	27.1875	BEFORE
80.005236	0.000	0.000	27.1875	BEFORE
80.500096	0.001	0.000	27.296875	BEFORE
81.000015	0.001	0.000	27.2265625	BEFORE
81.500110	0.000	0.000	27.2578125	BEFORE
82.001906	0.000	0.000	27.1640625	BEFORE
82.500100	0.001	0.000	27.1328125	BEFORE
83.003718	0.000	0.000	27.2265625	BEFORE
83.500100	0.001	0.000	27.078125	BEFORE
84.006679	0.000	0.000	27.2578125	BEFORE
84.500162	0.001	0.000	27.09375	BEFORE
85.000113	0.001	0.000	27.0625	BEFORE
85.500126	0.000	0.000	27.09375	BEFORE
86.005265	0.000	0.000	27.0234375	BEFORE
86.500109	0.000	0.000	26.984375	BEFORE
87.000100	0.001	0.000	27.0078125	BEFORE
87.500135	0.001	0.000	26.875	BEFORE
88.000122	0.001	0.000	27.0234375	BEFORE
88.500135	0.000	0.000	27.078125	BEFORE
89.003376	0.001	0.000	27.0625	BEFORE
89.500158	0.001	0.000	26.9140625	BEFORE
90.005298	0.001	0.000	27.0234375	BEFORE
90.500099	0.001	0.000	27.0234375	BEFORE
91.000103	0.001	0.000	26.875	BEFORE
91.500170	0.001	0.000	26.9140625	BEFORE
92.000191	0.001	0.000	26.8984375	BEFORE
92.500097	0.000	0.000	26.953125	BEFORE
93.006111	0.001	0.000	26.9296875	BEFORE
93.500129	0.001	0.000	26.859375	BEFORE
94.004885	0.000	0.000	26.8046875	BEFORE
94.500046	0.000	0.000	26.8984375	BEFORE
95.004230	0.001	0.000	26.875	BEFORE
95.500139	0.001	0.000	26.9140625	BEFORE
96.000112	0.001	0.000	26.953125	BEFORE
96.500121	0.001	0.000	26.9296875	BEFORE
97.000099	0.001	0.000	26.875	BEFORE
97.500116	0.001	0.000	26.7890625	BEFORE
98.002812	0.001	0.000	26.75	BEFORE
98.500106	0.000	0.000	26.8046875	BEFORE
99.000105	0.001	0.000	26.9296875	BEFORE
99.500090	0.001	0.000	26.875	BEFORE
100.000102	0.001	0.000	26.75	BEFORE
101.005341	27.147	37.696	26.6015625	EXPOSING
101.500087	27.150	37.897	30.2890625	EXPOSING
102.005379	27.150	38.035	32.7734375	EXPOSING
102.500082	27.149	38.142	35.34375	EXPOSING
103.000048	27.150	38.215	38.0859375	EXPOSING
103.500221	27.150	38.277	40.1796875	EXPOSING
104.000226	27.150	38.316	42.5390625	EXPOSING
104.500159	27.151	38.345	44.859375	EXPOSING
105.000138	27.151	38.383	47.15625	EXPOSING
105.500239	27.153	38.402	49.4453125	EXPOSING
106.003428	27.148	38.401	51.765625	EXPOSING
106.500086	27.150	38.425	53.765625	EXPOSING
107.000104	27.152	38.443	55.9375	EXPOSING
107.500111	27.149	38.444	58.078125	EXPOSING
108.002388	27.151	38.452	60.3359375	EXPOSING
108.500100	27.153	38.449	62.3203125	EXPOSING
109.000112	27.151	38.462	64.1640625	EXPOSING
109.500124	27.152	38.468	65.90625	EXPOSING
110.000111	27.151	38.475	67.6328125	EXPOSING
110.500138	27.152	38.487	69.25	EXPOSING
111.000202	27.152	38.500	70.828125	EXPOSING
111.500134	27.153	38.516	72.140625	EXPOSING
112.000173	27.152	38.512	73.75	EXPOSING
112.500126	27.152	38.525	74.6796875	EXPOSING
113.003908	27.151	38.537	75.9609375	EXPOSING
113.500103	27.152	38.540	77.140625	EXPOSING
114.000107	27.152	38.548	78.234375	EXPOSING
114.500093	27.153	38.549	79.359375	EXPOSING
115.000111	27.153	38.548	80.3046875	EXPOSING
115.500108	27.155	38.545	81.390625	EXPOSING
116.000100	27.155	38.559	82.359375	EXPOSING
116.500125	27.154	38.564	83.1171875	EXPOSING
117.000107	27.155	38.566	83.9921875	EXPOSING
117.500149	27.154	38.576	84.8515625	EXPOSING
118.000120	27.154	38.580	85.5703125	EXPOSING
118.500148	27.155	38.583	86.359375	EXPOSING
118.999950	27.155	38.603	87.3984375	EXPOSING
119.500168	27.153	38.611	87.78125	EXPOSING
120.002104	27.156	38.615	88.578125	EXPOSING
120.500089	27.155	38.626	89.1484375	EXPOSING
121.000105	27.154	38.638	89.6796875	EXPOSING
121.500138	27.153	38.628	90.453125	EXPOSING
122.008490	27.156	38.635	90.9296875	EXPOSING
122.500123	27.154	38.642	91.3984375	EXPOSING
123.000116	27.155	38.649	92.03125	EXPOSING
123.500117	27.153	38.654	92.5625	EXPOSING
124.003385	27.153	38.664	92.9609375	EXPOSING
124.500194	27.154	38.654	93.4765625	EXPOSING
125.000127	27.153	38.672	93.890625	EXPOSING
125.500172	27.154	38.675	94.4765625	EXPOSING
126.002340	27.154	38.676	94.8515625	EXPOSING
126.500140	27.153	38.686	95.3359375	EXPOSING
127.001842	27.154	38.659	95.75	EXPOSING
127.500124	27.154	38.698	96.09375	EXPOSING
128.005295	27.154	38.698	96.5078125	EXPOSING
128.500098	27.154	38.693	96.8046875	EXPOSING
129.009866	27.154	38.700	97.2421875	EXPOSING
129.500194	27.155	38.709	97.5390625	EXPOSING
130.002511	27.153	38.714	97.9140625	EXPOSING
130.500087	27.153	38.717	98.296875	EXPOSING
131.000093	27.153	38.722	98.7734375	EXPOSING
131.500095	27.153	38.723	99.0234375	EXPOSING
132.000106	27.153	38.731	99.3515625	EXPOSING
132.500098	27.155	38.745	99.75	EXPOSING
133.000108	27.154	38.717	99.9609375	EXPOSING
133.500140	27.153	38.731	100.34375	EXPOSING
134.000103	27.151	38.765	100.5859375	EXPOSING
134.500214	27.154	38.740	100.921875	EXPOSING
135.000115	27.151	38.756	101.328125	EXPOSING
135.500085	27.154	38.754	101.59375	EXPOSING
136.000127	27.154	38.752	101.8359375	EXPOSING
136.500083	27.155	38.759	102.0390625	EXPOSING
137.005015	27.155	38.754	102.4765625	EXPOSING
137.500093	27.154	38.754	102.8125	EXPOSING
138.000105	27.150	38.757	102.96875	EXPOSING
138.500150	27.150	38.760	103.15625	EXPOSING
139.000237	27.155	38.774	103.6015625	EXPOSING
139.500093	27.154	38.775	103.875	EXPOSING
140.000109	27.154	38.785	104.171875	EXPOSING
140.500121	27.155	38.784	104.3984375	EXPOSING
141.001691	27.152	38.786	104.6796875	EXPOSING
141.500117	27.150	38.775	104.9765625	EXPOSING
142.000045	27.151	38.781	105.265625	EXPOSING
142.500139	27.153	38.782	105.59375	EXPOSING
143.000107	27.151	38.790	105.6796875	EXPOSING
143.500164	27.152	38.791	106.0234375	EXPOSING
144.000172	27.154	38.794	106.265625	EXPOSING
144.500182	27.152	38.794	106.5625	EXPOSING
145.000107	27.152	38.793	106.8203125	EXPOSING
145.500155	27.154	38.807	107.0390625	EXPOSING
146.002838	27.152	38.805	107.296875	EXPOSING
146.500206	27.152	38.810	107.5859375	EXPOSING
147.005913	27.154	38.812	107.7734375	EXPOSING
147.500159	27.152	38.809	108.015625	EXPOSING
148.002567	27.153	38.810	108.2890625	EXPOSING
148.500121	27.154	38.817	108.4375	EXPOSING
149.002969	27.154	38.819	108.6796875	EXPOSING
149.500103	27.154	38.827	109.0390625	EXPOSING
150.000199	27.152	38.832	109.2890625	EXPOSING
150.500268	27.154	38.826	109.5625	EXPOSING
151.000040	27.154	38.832	109.859375	EXPOSING
151.500096	27.153	38.831	110.0234375	EXPOSING
152.004888	27.153	38.832	110.296875	EXPOSING
152.500094	27.152	38.837	110.5078125	EXPOSING
153.005255	27.153	38.847	110.8828125	EXPOSING
153.500113	27.153	38.839	110.9296875	EXPOSING
154.005269	27.153	38.848	111.2109375	EXPOSING
154.500111	27.153	38.849	111.3359375	EXPOSING
155.005033	27.152	38.854	111.6171875	EXPOSING
155.500138	27.152	38.858	111.90625	EXPOSING
156.005515	27.153	38.855	112.0703125	EXPOSING
156.500081	27.153	38.855	112.328125	EXPOSING
157.000280	27.151	38.863	112.5390625	EXPOSING
157.500176	27.153	38.879	112.640625	EXPOSING
158.000102	27.152	38.866	112.9609375	EXPOSING
158.500221	27.152	38.862	113.125	EXPOSING
159.000112	27.154	38.866	113.296875	EXPOSING
159.500106	27.152	38.869	113.65625	EXPOSING
160.005252	27.153	38.874	113.8515625	EXPOSING
160.500095	27.155	38.877	114.015625	EXPOSING
161.005936	27.153	38.879	114.03125	EXPOSING
161.500099	27.153	38.876	114.375	EXPOSING
162.042434	27.153	38.874	114.6328125	EXPOSING
162.500040	27.153	38.883	114.859375	EXPOSING
163.000024	27.149	38.885	115.0390625	EXPOSING
163.500978	27.151	38.884	115.3125	EXPOSING
164.000100	27.149	38.887	115.4609375	EXPOSING
164.500149	27.154	38.893	115.5859375	EXPOSING
165.000108	27.150	38.899	115.796875	EXPOSING
165.500110	27.154	38.909	115.953125	EXPOSING
166.000173	27.155	38.920	116.21875	EXPOSING
166.500256	27.153	38.912	116.234375	EXPOSING
167.000105	27.153	38.914	116.359375	EXPOSING
167.500105	27.152	38.915	116.5546875	EXPOSING
168.000152	27.154	38.911	116.734375	EXPOSING
168.500105	27.155	38.916	116.828125	EXPOSING
169.000959	27.155	38.914	117.0625	EXPOSING
169.500098	27.150	38.918	117.265625	EXPOSING
170.000110	27.152	38.911	117.5078125	EXPOSING
170.500110	27.154	38.912	117.640625	EXPOSING
171.005227	27.153	38.914	117.890625	EXPOSING
171.500106	27.153	38.917	117.90625	EXPOSING
172.000107	27.151	38.915	118.125	EXPOSING
172.500249	27.153	38.921	118.296875	EXPOSING
173.001485	27.152	38.932	118.6015625	EXPOSING
173.500145	27.153	38.928	118.6328125	EXPOSING
174.000094	27.151	38.928	118.78125	EXPOSING
174.500155	27.152	38.948	119.0234375	EXPOSING
175.001305	27.152	38.927	119.203125	EXPOSING
175.500082	27.153	38.937	119.421875	EXPOSING
176.000036	27.153	38.943	119.5078125	EXPOSING
176.500100	27.152	38.943	119.703125	EXPOSING
177.000690	27.152	38.943	119.796875	EXPOSING
177.500113	27.151	38.947	120.0703125	EXPOSING
178.000107	27.153	38.941	120.2109375	EXPOSING
178.500112	27.151	38.946	120.359375	EXPOSING
179.000118	27.150	38.946	120.5625	EXPOSING
179.500108	27.152	38.949	120.6484375	EXPOSING
180.001999	27.149	38.942	120.84375	EXPOSING
180.500072	27.151	38.947	121.0	EXPOSING
181.003010	27.150	38.958	121.1484375	EXPOSING
181.500153	27.151	38.945	121.3671875	EXPOSING
182.003263	27.151	38.950	121.6015625	EXPOSING
182.500119	27.151	38.954	121.71875	EXPOSING
183.006199	27.152	38.979	121.8046875	EXPOSING
183.500148	27.152	38.977	121.921875	EXPOSING
184.001749	27.151	38.966	122.109375	EXPOSING
184.500124	27.150	38.961	122.2421875	EXPOSING
185.000113	27.152	38.964	122.4609375	EXPOSING
185.500110	27.152	38.955	122.6875	EXPOSING
186.000210	27.153	38.967	122.8046875	EXPOSING
186.500175	27.151	38.968	122.9609375	EXPOSING
187.000108	27.152	38.975	123.109375	EXPOSING
187.500171	27.152	38.970	123.2421875	EXPOSING
188.000091	27.152	38.967	123.4765625	EXPOSING
188.500121	27.153	38.970	123.6796875	EXPOSING
189.000519	27.151	38.966	123.7421875	EXPOSING
189.500099	27.152	38.961	123.984375	EXPOSING
190.006352	27.150	38.973	124.046875	EXPOSING
190.500086	27.151	38.967	124.1484375	EXPOSING
191.005677	27.152	38.992	124.4296875	EXPOSING
191.500100	27.151	38.973	124.578125	EXPOSING
192.002396	27.150	38.967	124.7421875	EXPOSING
192.500121	27.153	38.976	124.8984375	EXPOSING
193.002630	27.152	38.978	125.03125	EXPOSING
193.500113	27.150	38.977	125.1484375	EXPOSING
194.012872	27.153	38.985	125.34375	EXPOSING
194.500082	27.151	38.987	125.5078125	EXPOSING
195.000106	27.150	38.988	125.6484375	EXPOSING
195.500120	27.152	38.984	125.796875	EXPOSING
196.001928	27.152	39.007	125.9140625	EXPOSING
196.500175	27.150	38.987	126.078125	EXPOSING
197.003524	27.148	39.002	126.09375	EXPOSING
197.500139	27.150	38.981	126.3828125	EXPOSING
198.002806	27.150	39.005	126.578125	EXPOSING
198.500107	27.149	38.993	126.71875	EXPOSING
199.005131	27.150	38.991	126.9921875	EXPOSING
199.500086	27.150	38.962	127.0234375	EXPOSING
200.000476	27.150	38.967	127.1484375	EXPOSING
201.000179	0.017	0.006	127.1640625	WAIT
201.500100	0.017	0.003	122.421875	WAIT
202.000114	0.015	0.002	120.1484375	WAIT
202.500101	0.016	0.001	118.109375	WAIT
203.000104	0.016	0.001	116.3125	WAIT
203.500133	0.001	0.000	114.6171875	WAIT
204.000112	0.001	0.000	113.0625	WAIT
204.500134	0.001	0.000	111.46875	WAIT
205.005256	0.001	0.000	110.1171875	WAIT
205.500138	0.000	0.000	108.5859375	WAIT
206.000122	0.001	0.000	107.4140625	WAIT
206.500157	0.001	0.000	106.1015625	WAIT
207.000097	0.001	0.000	104.890625	WAIT
207.500095	0.001	0.000	103.7734375	WAIT
208.000108	0.001	0.000	102.5078125	WAIT
208.500117	0.001	0.000	101.546875	WAIT
209.000154	0.001	0.000	100.5390625	WAIT
209.500105	0.000	0.000	99.3046875	WAIT
210.000613	0.000	0.000	98.515625	WAIT
210.500086	0.000	0.000	97.5703125	WAIT
211.000103	0.001	0.000	96.6484375	WAIT
211.500100	0.001	0.000	95.8515625	WAIT
212.000121	0.001	0.000	95.0234375	WAIT
212.500102	0.001	0.000	94.09375	WAIT
213.000111	0.001	0.000	93.375	WAIT
213.500082	0.001	0.000	92.4453125	WAIT
214.015173	0.001	0.000	91.765625	WAIT
214.500089	0.001	0.000	91.1171875	WAIT
215.002734	0.001	0.000	90.3984375	WAIT
215.500094	0.001	0.000	89.6640625	WAIT
216.000093	0.002	0.000	89.1171875	WAIT
216.500124	0.001	0.000	88.3828125	WAIT
217.000095	0.001	0.000	87.6796875	WAIT
217.500112	0.001	0.000	87.2421875	WAIT
218.000171	0.001	0.000	86.5546875	WAIT
218.500081	0.001	0.000	85.890625	WAIT
219.000112	0.001	0.000	85.3515625	WAIT
219.500158	0.001	0.000	84.796875	WAIT
220.005225	0.000	0.000	84.3125	WAIT
220.500132	0.001	0.000	83.65625	WAIT
221.000103	0.001	0.000	83.1484375	WAIT
221.500181	0.001	0.000	82.6796875	WAIT
222.001309	0.001	0.000	82.140625	WAIT
222.500087	0.001	0.000	81.7890625	WAIT
223.000101	0.000	0.000	81.234375	WAIT
223.500118	0.001	0.000	80.8203125	WAIT
224.001230	0.002	0.000	80.359375	WAIT
224.500171	0.001	0.000	79.8359375	WAIT
225.000278	0.001	0.000	79.46875	WAIT
225.500077	0.001	0.000	78.9921875	WAIT
226.000687	0.001	0.000	78.5546875	WAIT
226.500092	0.001	0.000	78.25	WAIT
227.000105	0.001	0.000	77.8046875	WAIT
227.500166	0.001	0.000	77.3359375	WAIT
228.009419	0.001	0.000	76.9921875	WAIT
228.500026	0.001	0.000	76.65625	WAIT
229.000192	0.001	0.000	76.3125	WAIT
229.500105	0.001	0.000	75.8203125	WAIT
230.000104	0.001	0.000	75.4921875	WAIT
230.500112	0.001	0.000	75.1640625	WAIT
231.002876	0.001	0.000	74.7734375	WAIT
231.500085	0.001	0.000	74.515625	WAIT
232.000066	0.001	0.000	74.125	WAIT
232.500159	0.001	0.000	73.8359375	WAIT
233.000116	0.001	0.000	73.609375	WAIT
233.500121	0.001	0.000	73.25	WAIT
234.000115	0.001	0.000	72.90625	WAIT
234.500511	0.001	0.000	72.5859375	WAIT
235.000106	0.001	0.000	72.2734375	WAIT
235.500189	0.001	0.000	71.953125	WAIT
236.004238	0.001	0.000	71.6796875	WAIT
236.500102	0.001	0.000	71.4375	WAIT
237.007504	0.001	0.000	71.1875	WAIT
237.500105	0.001	0.000	70.84375	WAIT
238.001900	0.001	0.000	70.5703125	WAIT
238.500112	0.001	0.000	70.2421875	WAIT
239.005230	0.000	0.000	69.9296875	WAIT
239.500158	0.001	0.000	69.7265625	WAIT
240.000491	0.001	0.000	69.5625	WAIT
240.500134	0.001	0.000	69.28125	WAIT
241.000114	0.000	0.000	69.0390625	WAIT
241.500114	0.001	0.000	68.890625	WAIT
242.006176	0.001	0.000	68.609375	WAIT
242.500153	0.001	0.000	68.375	WAIT
243.001921	0.001	0.000	68.078125	WAIT
243.500103	0.001	0.000	67.921875	WAIT
244.008814	0.001	0.000	67.6171875	WAIT
244.500106	0.001	0.000	67.3046875	WAIT
245.004011	0.001	0.000	67.21875	WAIT
245.500129	0.000	0.000	66.90625	WAIT
246.000106	0.001	0.000	66.8046875	WAIT
246.500092	0.001	0.000	66.515625	WAIT
247.005238	0.001	0.000	66.3203125	WAIT
247.500266	0.000	0.000	66.1171875	WAIT
248.000122	0.001	0.000	65.9296875	WAIT
248.500178	0.000	0.000	65.7734375	WAIT
249.000962	0.000	0.000	65.6015625	WAIT
249.500106	0.001	0.000	65.34375	WAIT
250.001734	0.001	0.000	65.1875	WAIT
250.500140	0.001	0.000	65.0859375	WAIT
251.001195	0.001	0.000	64.828125	WAIT
251.500155	0.001	0.000	64.6171875	WAIT
252.005221	0.001	0.000	64.5078125	WAIT
252.500069	0.000	0.000	64.2734375	WAIT
253.001981	0.001	0.000	64.0625	WAIT
253.500088	0.001	0.000	63.8203125	WAIT
254.000106	0.001	0.000	63.7734375	WAIT
254.500277	0.001	0.000	63.59375	WAIT
255.000119	0.000	0.000	63.3046875	WAIT
255.500194	0.001	0.000	63.1796875	WAIT
256.000131	0.001	0.000	63.078125	WAIT
256.500138	0.001	0.000	62.8515625	WAIT
257.000972	0.001	0.000	62.6640625	WAIT
257.500113	0.001	0.000	62.578125	WAIT
258.000109	0.000	0.000	62.4375	WAIT
258.500101	0.000	0.000	62.2109375	WAIT
259.000140	0.000	0.000	62.109375	WAIT
259.500098	0.001	0.000	61.953125	WAIT
260.000117	0.001	0.000	61.796875	WAIT
260.500126	0.001	0.000	61.609375	WAIT
261.000112	0.001	0.000	61.484375	WAIT
261.500142	0.001	0.000	61.28125	WAIT
262.000354	0.001	0.000	61.2109375	WAIT
262.500158	0.001	0.000	61.0703125	WAIT
263.004985	0.001	0.000	60.84375	WAIT
263.500115	0.001	0.000	60.7578125	WAIT
264.000576	0.001	0.000	60.53125	WAIT
264.500114	0.001	0.000	60.5859375	WAIT
265.001162	0.000	0.000	60.375	WAIT
265.500113	0.001	0.000	60.21875	WAIT
266.003312	0.001	0.000	60.0078125	WAIT
266.499968	0.001	0.000	60.0234375	WAIT
267.000106	0.001	0.000	59.75	WAIT
267.500108	0.001	0.000	59.75	WAIT
268.000106	0.001	0.000	59.5625	WAIT
268.500150	0.001	0.000	59.3828125	WAIT
269.000129	0.001	0.000	59.28125	WAIT
269.500103	0.001	0.000	59.0859375	WAIT
270.005245	0.001	0.000	59.0390625	WAIT
270.500090	0.001	0.000	58.9296875	WAIT
271.005284	0.001	0.000	58.796875	WAIT
271.500105	0.001	0.000	58.7265625	WAIT
272.005254	0.001	0.000	58.5	WAIT
272.500127	0.001	0.000	58.375	WAIT
273.003659	0.000	0.000	58.2890625	WAIT
273.500099	0.001	0.000	58.1796875	WAIT
274.000103	0.001	0.000	58.078125	WAIT
274.500097	0.001	0.000	57.9765625	WAIT
275.005287	0.001	0.000	57.8828125	WAIT
275.500410	0.001	0.000	57.6796875	WAIT
276.000109	0.001	0.000	57.5703125	WAIT
276.500183	0.001	0.000	57.4140625	WAIT
277.005054	0.001	0.000	57.3828125	WAIT
277.500112	0.001	0.000	57.1875	WAIT
278.000100	0.001	0.000	57.1015625	WAIT
278.500123	0.001	0.000	56.984375	WAIT
279.005253	0.001	0.000	56.859375	WAIT
279.500091	0.000	0.000	56.6875	WAIT
280.000233	0.001	0.000	56.6875	WAIT
280.500107	0.001	0.000	56.5234375	WAIT
281.000113	0.001	0.000	56.5078125	WAIT
281.500140	0.001	0.000	56.40625	WAIT
282.002496	0.001	0.000	56.28125	WAIT
282.500097	0.001	0.000	56.140625	WAIT
283.005490	0.001	0.000	56.0546875	WAIT
283.500084	0.001	0.000	56.015625	WAIT
284.004823	0.001	0.000	55.9375	WAIT
284.500109	0.000	0.000	55.8671875	WAIT
285.000083	0.001	0.000	55.6015625	WAIT
285.500100	0.001	0.000	55.6015625	WAIT
286.000120	0.001	0.000	55.53125	WAIT
286.500098	0.001	0.000	55.3203125	WAIT
287.000149	0.001	0.000	55.203125	WAIT
287.500125	0.001	0.000	55.0390625	WAIT
288.000111	0.001	0.000	55.0625	WAIT
288.500165	0.001	0.000	54.8125	WAIT
289.005240	0.000	0.000	54.7109375	WAIT
289.500140	0.000	0.000	54.671875	WAIT
290.000094	0.001	0.000	54.515625	WAIT
290.500141	0.002	0.000	54.3984375	WAIT
291.002661	0.001	0.000	54.3984375	WAIT
291.500116	0.001	0.000	54.328125	WAIT
292.005272	0.001	0.000	54.2734375	WAIT
292.500158	0.001	0.000	54.1015625	WAIT
293.080987	0.002	0.000	53.953125	WAIT
293.499989	0.001	0.000	53.796875	WAIT
294.000136	0.001	0.000	53.8359375	WAIT
294.500127	0.001	0.000	53.8671875	WAIT
295.000099	0.001	0.000	53.7109375	WAIT
295.500157	0.001	0.000	53.640625	WAIT
296.000112	0.001	0.000	53.609375	WAIT
296.500183	0.001	0.000	53.2734375	WAIT
297.003514	0.001	0.000	53.4140625	WAIT
297.500158	0.001	0.000	53.21875	WAIT
298.000106	0.001	0.000	53.1875	WAIT
298.500101	0.001	0.000	53.078125	WAIT
299.000123	0.001	0.000	52.9609375	WAIT
299.500121	0.001	0.000	52.890625	WAIT
300.000113	0.001	0.000	52.7109375	WAIT
300.500103	0.001	0.000	52.7265625	WAIT
301.000122	0.001	0.000	52.625	WAIT
301.500361	0.001	0.000	52.65625	WAIT
302.000207	0.001	0.000	52.4296875	WAIT
302.500151	0.001	0.000	52.4140625	WAIT
303.000109	0.001	0.000	52.328125	WAIT
303.500161	0.001	0.000	52.171875	WAIT
304.003227	0.001	0.000	52.171875	WAIT
304.500124	0.000	0.000	52.03125	WAIT
305.006711	0.001	0.000	51.9375	WAIT
305.500110	0.001	0.000	51.890625	WAIT
306.002792	0.000	0.000	51.765625	WAIT
306.500115	0.001	0.000	51.5859375	WAIT
307.005247	0.000	0.000	51.5	WAIT
307.500125	0.001	0.000	51.484375	WAIT
308.005129	0.001	0.000	51.5390625	WAIT
308.500164	0.000	0.000	51.4296875	WAIT
309.000107	0.001	0.000	51.2734375	WAIT
309.500151	0.001	0.000	51.2421875	WAIT
310.003699	0.001	0.000	51.1015625	WAIT
310.500178	0.001	0.000	51.046875	WAIT
311.000201	0.001	0.000	50.921875	WAIT
311.500164	0.001	0.000	50.890625	WAIT
312.004406	0.001	0.000	50.796875	WAIT
312.500109	0.001	0.000	50.7109375	WAIT
313.000091	0.001	0.000	50.625	WAIT
313.500106	0.001	0.000	50.484375	WAIT
314.005274	0.001	0.000	50.484375	WAIT
314.505241	0.001	0.000	50.4453125	WAIT
315.000088	0.001	0.000	50.3046875	WAIT
315.500260	0.001	0.000	50.2578125	WAIT
316.000118	0.001	0.000	50.09375	WAIT
316.500170	0.001	0.000	50.0625	WAIT
317.000218	0.001	0.000	49.9921875	WAIT
317.500156	0.000	0.000	49.90625	WAIT
318.000012	0.001	0.000	49.953125	WAIT
318.500160	0.001	0.000	49.7421875	WAIT
319.003519	0.002	0.000	49.7265625	WAIT
319.500124	0.001	0.000	49.53125	WAIT
320.005257	0.001	0.000	49.53125	WAIT
320.500118	0.001	0.000	49.53125	WAIT
321.001824	0.001	0.000	49.5859375	WAIT
321.500110	0.001	0.000	49.375	WAIT
322.000102	0.001	0.000	49.3046875	WAIT
322.500088	0.001	0.000	49.25	WAIT
323.005246	0.001	0.000	49.1796875	WAIT
323.500171	0.000	0.000	49.125	WAIT
324.000096	0.001	0.000	49.109375	WAIT
324.500202	0.001	0.000	48.8828125	WAIT
325.004089	0.001	0.000	48.8671875	WAIT
325.500168	0.001	0.000	48.7734375	WAIT
326.005264	0.001	0.000	48.7578125	WAIT
326.500089	0.001	0.000	48.671875	WAIT
327.002292	0.001	0.000	48.6328125	WAIT
327.500131	0.001	0.000	48.6171875	WAIT
328.000096	0.001	0.000	48.421875	WAIT
328.500130	0.001	0.000	48.40625	WAIT
329.000564	0.001	0.000	48.375	WAIT
329.500107	0.000	0.000	48.265625	WAIT
330.000098	0.001	0.000	48.3203125	WAIT
330.501020	0.000	0.000	48.1953125	WAIT
331.000139	0.001	0.000	48.0	WAIT
331.500172	0.000	0.000	47.984375	WAIT
332.004341	0.001	0.000	47.96875	WAIT
332.500098	0.001	0.000	47.9296875	WAIT
333.002007	0.000	0.000	47.8046875	WAIT
333.500098	0.001	0.000	47.6328125	WAIT
334.002813	0.000	0.000	47.6484375	WAIT
334.500091	0.001	0.000	47.703125	WAIT
335.006965	0.001	0.000	47.3984375	WAIT
335.500126	0.000	0.000	47.421875	WAIT
336.003697	0.001	0.000	47.2578125	WAIT
336.500133	0.001	0.000	47.2109375	WAIT
337.000108	0.001	0.000	47.171875	WAIT
337.500129	0.001	0.000	47.15625	WAIT
338.003072	0.001	0.000	47.171875	WAIT
338.500354	0.001	0.000	46.9921875	WAIT
339.000112	0.001	0.000	46.9453125	WAIT
339.500125	0.001	0.000	46.8203125	WAIT
340.002550	0.001	0.000	46.78125	WAIT
340.500099	0.001	0.000	46.765625	WAIT
341.000110	0.001	0.000	46.609375	WAIT
341.500078	0.001	0.000	46.625	WAIT
342.003617	0.001	0.000	46.6953125	WAIT
342.500086	0.001	0.000	46.5390625	WAIT
343.005246	0.001	0.000	46.5	WAIT
343.500161	0.001	0.000	46.4296875	WAIT
344.004683	0.001	0.000	46.34375	WAIT
344.500102	0.001	0.000	46.2890625	WAIT
345.000105	0.001	0.000	46.203125	WAIT
345.500154	0.002	0.000	46.1328125	WAIT
346.005994	0.001	0.000	46.1328125	WAIT
346.500192	0.001	0.000	45.96875	WAIT
347.004781	0.001	0.000	45.96875	WAIT
347.500149	0.001	0.000	45.9921875	WAIT
348.000149	0.001	0.000	45.8125	WAIT
348.500166	0.000	0.000	45.7578125	WAIT
349.001158	0.001	0.000	45.703125	WAIT
349.500088	0.001	0.000	45.6875	WAIT
350.000112	0.001	0.000	45.6171875	WAIT
350.500103	0.001	0.000	45.4921875	WAIT
351.000115	0.001	0.000	45.5078125	WAIT
351.500296	0.001	0.000	45.390625	WAIT
352.000113	0.001	0.000	45.296875	WAIT
352.500105	0.002	0.000	45.265625	WAIT
353.006163	0.001	0.000	45.1953125	WAIT
353.500139	0.001	0.000	45.2109375	WAIT
354.000169	0.001	0.000	45.1953125	WAIT
354.500110	0.001	0.000	45.0859375	WAIT
355.000112	0.001	0.000	45.0	WAIT
355.500100	0.001	0.000	44.984375	WAIT
356.005295	0.001	0.000	44.9453125	WAIT
356.500085	0.001	0.000	44.9609375	WAIT
357.002206	0.001	0.000	44.734375	WAIT
357.500118	0.001	0.000	44.6953125	WAIT
358.000095	0.001	0.000	44.734375	WAIT
358.500103	0.001	0.000	44.609375	WAIT
359.000644	0.001	0.000	44.5546875	WAIT
359.500109	0.001	0.000	44.5546875	WAIT
360.000256	0.001	0.000	44.453125	WAIT
360.500106	0.001	0.000	44.4296875	WAIT
361.005285	0.001	0.000	44.2734375	WAIT
361.500079	0.001	0.000	44.2734375	WAIT
362.000707	0.001	0.000	44.234375	WAIT
362.500108	0.002	0.000	44.1171875	WAIT
363.005228	0.001	0.000	44.1171875	WAIT
363.500099	0.001	0.000	44.078125	WAIT
364.006522	0.001	0.000	43.96875	WAIT
364.500096	0.001	0.000	43.96875	WAIT
365.005268	0.001	0.000	43.921875	WAIT
365.500089	0.001	0.000	43.8984375	WAIT
366.005229	0.000	0.000	43.796875	WAIT
366.500222	0.001	0.000	43.6875	WAIT
367.004541	0.001	0.000	43.7421875	WAIT
367.500082	0.001	0.000	43.6328125	WAIT
368.000207	0.001	0.000	43.5625	WAIT
368.500147	0.001	0.000	43.4921875	WAIT
369.004235	0.001	0.000	43.4609375	WAIT
369.500103	0.001	0.000	43.390625	WAIT
370.002987	0.001	0.000	43.3515625	WAIT
370.500097	0.001	0.000	43.28125	WAIT
371.000311	0.001	0.000	43.28125	WAIT
371.500122	0.001	0.000	43.2109375	WAIT
372.000119	0.001	0.000	43.2265625	WAIT
372.500164	0.001	0.000	43.0859375	WAIT
373.000109	0.001	0.000	43.125	WAIT
373.500187	0.002	0.000	42.9609375	WAIT
374.001299	0.000	0.000	42.9609375	WAIT
374.500107	0.001	0.000	42.734375	WAIT
375.000117	0.001	0.000	42.9453125	WAIT
375.500155	0.001	0.000	42.6796875	WAIT
376.002006	0.001	0.000	42.7109375	WAIT
376.500111	0.001	0.000	42.734375	WAIT
377.000104	0.000	0.000	42.734375	WAIT
377.500139	0.001	0.000	42.625	WAIT
378.003584	0.002	0.000	42.5546875	WAIT
378.500166	0.001	0.000	42.5	WAIT
379.005272	0.001	0.000	42.359375	WAIT
379.500092	0.001	0.000	42.390625	WAIT
