#Resonance Frequency: 404000.000 kHz
#Set Current: 6.34 A
Time [s]	Current [A]	Voltage [V]	T0 [degC]	State
0.000048	0.001	0.000	21.6171875	BEFORE
0.500080	0.001	0.000	21.671875	BEFORE
1.000071	0.000	0.000	21.671875	BEFORE
1.500099	0.000	0.000	21.6328125	BEFORE
2.000075	0.001	0.000	21.6015625	BEFORE
2.500112	0.001	0.000	21.671875	BEFORE
2.999979	0.000	0.000	21.6015625	BEFORE
3.500109	0.001	0.000	21.6953125	BEFORE
4.000150	0.001	0.000	21.7109375	BEFORE
4.500095	0.001	0.000	21.78125	BEFORE
5.000073	0.000	0.000	21.6171875	BEFORE
5.500145	0.000	0.000	21.765625	BEFORE
6.004790	0.000	0.000	21.7109375	BEFORE
6.500090	0.000	0.000	21.7109375	BEFORE
7.005280	0.000	0.000	21.6953125	BEFORE
7.500031	0.001	0.000	21.6328125	BEFORE
8.000089	0.000	0.000	21.7265625	BEFORE
8.500129	0.000	0.000	21.6015625	BEFORE
9.000078	0.000	0.000	21.7109375	BEFORE
9.500074	0.001	0.000	21.7109375	BEFORE
9.999900	0.001	0.000	21.65625	BEFORE
10.500049	0.000	0.000	21.6953125	BEFORE
11.002230	0.000	0.000	21.671875	BEFORE
11.500167	0.000	0.000	21.765625	BEFORE
12.005380	0.000	0.000	21.796875	BEFORE
12.500061	0.001	0.000	21.7109375	BEFORE
13.005326	0.000	0.000	21.7109375	BEFORE
13.500088	0.000	0.000	21.6953125	BEFORE
14.000066	0.001	0.000	21.6953125	BEFORE
14.500067	0.000	0.000	21.7265625	BEFORE
15.000075	0.000	0.000	21.6953125	BEFORE
15.500473	0.001	0.000	21.65625	BEFORE
16.000070	0.000	0.000	21.7265625	BEFORE
16.500105	0.000	0.000	21.6015625	BEFORE
17.000069	0.000	0.000	21.6015625	BEFORE
17.500104	0.000	0.000	21.796875	BEFORE
18.008268	0.000	0.000	21.7109375	BEFORE
18.500069	0.000	0.000	21.546875	BEFORE
19.003431	0.000	0.000	21.671875	BEFORE
19.500112	0.000	0.000	21.671875	BEFORE
20.003072	0.000	0.000	21.6953125	BEFORE
20.500143	0.000	0.000	21.6171875	BEFORE
21.000076	0.000	0.000	21.6328125	BEFORE
21.500077	0.000	0.000	21.765625	BEFORE
22.000477	0.000	0.000	21.7421875	BEFORE
22.500126	0.000	0.000	21.578125	BEFORE
23.000069	0.000	0.000	21.6171875	BEFORE
23.500104	0.000	0.000	21.6328125	BEFORE
24.000222	0.000	0.000	21.6171875	BEFORE
24.500114	0.000	0.000	21.6171875	BEFORE
25.005316	0.000	0.000	21.671875	BEFORE
25.500077	0.000	0.000	21.6328125	BEFORE
26.000075	0.001	0.000	21.6328125	BEFORE
26.500066	0.000	0.000	21.6328125	BEFORE
27.001292	0.001	0.000	21.671875	BEFORE
27.500085	0.001	0.000	21.6953125	BEFORE
28.000087	0.001	0.000	21.6953125	BEFORE
28.500082	0.001	0.000	21.671875	BEFORE
29.007721	0.000	0.000	21.6953125	BEFORE
29.500069	0.001	0.000	21.671875	BEFORE
30.000076	0.000	0.000	21.671875	BEFORE
30.500113	0.000	0.000	21.5234375	BEFORE
30.999863	0.001	0.000	21.765625	BEFORE
31.500118	0.000	0.000	21.671875	BEFORE
32.007519	0.000	0.000	21.6953125	BEFORE
32.500075	0.000	0.000	21.671875	BEFORE
32.999918	0.001	0.000	21.671875	BEFORE
33.504271	0.000	0.000	21.6953125	BEFORE
34.000071	0.000	0.000	21.6171875	BEFORE
34.500067	0.000	0.000	21.671875	BEFORE
35.000067	0.001	0.000	21.6953125	BEFORE
35.500089	0.000	0.000	21.7109375	BEFORE
36.000236	0.000	0.000	21.671875	BEFORE
36.500074	0.001	0.000	21.765625	BEFORE
37.000770	0.000	0.000	21.671875	BEFORE
37.500139	0.004	0.000	21.6328125	BEFORE
38.000087	0.000	0.000	21.5625	BEFORE
38.500108	0.000	0.000	21.6015625	BEFORE
39.000222	0.001	0.000	21.671875	BEFORE
39.500091	0.001	0.000	21.6015625	BEFORE
40.000081	0.001	0.000	21.765625	BEFORE
40.500119	0.000	0.000	21.6328125	BEFORE
41.000440	0.001	0.000	21.5078125	BEFORE
41.500129	0.001	0.000	21.6953125	BEFORE
42.000069	0.000	0.000	21.7109375	BEFORE
42.500092	0.001	0.000	21.7265625	BEFORE
43.006542	0.001	0.000	21.5078125	BEFORE
43.500074	0.001	0.000	21.6171875	BEFORE
44.000087	0.000	0.000	21.65625	BEFORE
44.500188	0.000	0.000	21.5625	BEFORE
45.000089	0.000	0.000	21.7421875	BEFORE
45.500135	0.001	0.000	21.6328125	BEFORE
45.999896	0.001	0.000	21.6328125	BEFORE
46.500087	0.001	0.000	21.546875	BEFORE
47.003272	0.001	0.000	21.6015625	BEFORE
47.500066	0.000	0.000	21.6953125	BEFORE
48.000093	0.001	0.000	21.6328125	BEFORE
48.500111	0.000	0.000	21.7109375	BEFORE
49.001112	0.000	0.000	21.6171875	BEFORE
49.500079	0.001	0.000	21.578125	BEFORE
49.999963	0.001	0.000	21.546875	BEFORE
50.500085	0.000	0.000	21.671875	BEFORE
51.005038	0.001	0.000	21.6015625	BEFORE
51.500085	0.001	0.000	21.6953125	BEFORE
52.000083	0.000	0.000	21.5625	BEFORE
52.500122	0.000	0.000	21.5625	BEFORE
52.999990	0.001	0.000	21.578125	BEFORE
53.500081	0.001	0.000	21.6015625	BEFORE
54.000068	0.000	0.000	21.578125	BEFORE
54.500111	0.000	0.000	21.78125	BEFORE
55.000111	0.000	0.000	21.671875	BEFORE
55.500103	0.001	0.000	21.578125	BEFORE
56.005026	0.000	0.000	21.578125	BEFORE
56.500093	0.001	0.000	21.5625	BEFORE
57.000071	0.000	0.000	21.546875	BEFORE
57.500119	0.001	0.000	21.546875	BEFORE
58.000075	0.001	0.000	21.6171875	BEFORE
58.500136	0.001	0.000	21.6015625	BEFORE
59.001258	0.001	0.000	21.6015625	BEFORE
59.500069	0.000	0.000	21.671875	BEFORE
59.999992	0.001	0.000	21.5625	BEFORE
61.005244	6.333	12.457	21.46875	EXPOSING
61.500115	6.334	12.463	22.203125	EXPOSING
62.000058	6.334	12.465	22.21875	EXPOSING
62.500102	6.334	12.468	22.40625	EXPOSING
63.000389	6.334	12.470	22.5546875	EXPOSING
63.500085	6.334	12.471	22.5859375	EXPOSING
64.000075	6.333	12.471	22.7734375	EXPOSING
64.500134	6.335	12.473	22.75	EXPOSING
65.003107	6.334	12.474	22.921875	EXPOSING
65.500069	6.334	12.474	23.046875	EXPOSING
66.005224	6.334	12.475	22.953125	EXPOSING
66.500096	6.333	12.475	23.046875	EXPOSING
67.005069	6.333	12.476	22.9921875	EXPOSING
67.500053	6.334	12.476	23.140625	EXPOSING
68.000079	6.334	12.476	23.3203125	EXPOSING
68.500086	6.334	12.477	23.2265625	EXPOSING
69.000191	6.333	12.477	23.3359375	EXPOSING
69.500143	6.334	12.477	23.265625	EXPOSING
70.000030	6.333	12.477	23.4296875	EXPOSING
70.500118	6.333	12.478	23.3203125	EXPOSING
71.001964	6.334	12.477	23.46875	EXPOSING
71.500087	6.334	12.477	23.5234375	EXPOSING
72.000101	6.334	12.479	23.5390625	EXPOSING
72.500107	6.334	12.478	23.46875	EXPOSING
73.010065	6.334	12.479	23.578125	EXPOSING
73.500071	6.334	12.478	23.6328125	EXPOSING
74.000086	6.334	12.480	23.6328125	EXPOSING
74.500068	6.334	12.478	23.5546875	EXPOSING
75.000071	6.333	12.479	23.7734375	EXPOSING
75.500078	6.334	12.479	23.6875	EXPOSING
76.005231	6.334	12.479	23.7578125	EXPOSING
76.500057	6.333	12.479	23.7265625	EXPOSING
77.006651	6.334	12.480	23.828125	EXPOSING
77.500065	6.334	12.479	23.828125	EXPOSING
78.000080	6.334	12.480	23.8515625	EXPOSING
78.500135	6.334	12.481	23.90625	EXPOSING
79.003150	6.334	12.481	23.8671875	EXPOSING
79.500059	6.334	12.480	23.9453125	EXPOSING
80.000077	6.333	12.481	24.0546875	EXPOSING
80.500077	6.334	12.481	23.9609375	EXPOSING
80.999819	6.334	12.481	24.0546875	EXPOSING
81.500469	6.334	12.482	24.03125	EXPOSING
82.000077	6.333	12.483	24.0703125	EXPOSING
82.500065	6.335	12.482	24.03125	EXPOSING
83.000072	6.334	12.483	24.1953125	EXPOSING
83.500073	6.334	12.482	24.0546875	EXPOSING
84.001523	6.334	12.483	24.140625	EXPOSING
84.500137	6.334	12.483	24.25	EXPOSING
85.000063	6.334	12.483	24.140625	EXPOSING
85.500084	6.334	12.483	24.1796875	EXPOSING
86.000464	6.334	12.483	24.25	EXPOSING
86.500095	6.334	12.483	24.25	EXPOSING
87.000077	6.334	12.483	24.2890625	EXPOSING
87.500147	6.334	12.483	24.2890625	EXPOSING
88.000073	6.334	12.483	24.2890625	EXPOSING
88.500074	6.334	12.484	24.328125	EXPOSING
88.999996	6.334	12.483	24.4140625	EXPOSING
89.500077	6.334	12.482	24.3046875	EXPOSING
90.000048	6.334	12.484	24.2890625	EXPOSING
90.500122	6.334	12.484	24.4140625	EXPOSING
91.000069	6.333	12.483	24.4375	EXPOSING
91.500097	6.334	12.484	24.4140625	EXPOSING
92.000073	6.333	12.484	24.4140625	EXPOSING
92.500081	6.333	12.483	24.4375	EXPOSING
93.004096	6.333	12.483	24.5078125	EXPOSING
93.500057	6.333	12.484	24.5625	EXPOSING
94.002028	6.334	12.483	24.4921875	EXPOSING
94.500101	6.334	12.484	24.5625	EXPOSING
95.000067	6.333	12.485	24.546875	EXPOSING
95.500095	6.333	12.484	24.6328125	EXPOSING
96.000530	6.334	12.485	24.6171875	EXPOSING
96.500176	6.334	12.486	24.5625	EXPOSING
97.004372	6.334	12.485	24.7109375	EXPOSING
97.500059	6.333	12.485	24.7109375	EXPOSING
98.007533	6.333	12.484	24.6328125	EXPOSING
98.500093	6.334	12.485	24.578125	EXPOSING
99.000092	6.334	12.486	24.65625	EXPOSING
99.500134	6.334	12.486	24.7265625	EXPOSING
100.000057	6.334	12.486	24.796875	EXPOSING
100.500132	6.333	12.485	24.765625	EXPOSING
101.005270	6.333	12.485	24.765625	EXPOSING
101.500087	6.334	12.486	24.8203125	EXPOSING
102.000073	6.333	12.485	24.7421875	EXPOSING
102.500089	6.334	12.486	24.8515625	EXPOSING
103.000621	6.333	12.486	24.8203125	EXPOSING
103.500098	6.333	12.487	24.796875	EXPOSING
104.000084	6.333	12.487	24.7109375	EXPOSING
104.500107	6.334	12.487	24.875	EXPOSING
105.000650	6.334	12.486	24.9296875	EXPOSING
105.500054	6.334	12.486	24.8359375	EXPOSING
106.000087	6.333	12.487	24.890625	EXPOSING
106.500124	6.333	12.487	24.9296875	EXPOSING
107.000064	6.333	12.486	24.875	EXPOSING
107.501753	6.333	12.486	24.890625	EXPOSING
108.000083	6.334	12.487	24.796875	EXPOSING
108.500127	6.333	12.487	24.9453125	EXPOSING
109.000130	6.334	12.487	24.875	EXPOSING
109.500068	6.333	12.488	24.9296875	EXPOSING
110.001821	6.333	12.488	24.9140625	EXPOSING
110.500077	6.333	12.486	24.9140625	EXPOSING
111.002775	6.333	12.488	24.9140625	EXPOSING
111.500082	6.334	12.488	24.9140625	EXPOSING
112.000098	6.334	12.487	25.0	EXPOSING
112.500113	6.334	12.488	24.9609375	EXPOSING
113.000077	6.334	12.488	24.984375	EXPOSING
113.500723	6.333	12.488	25.0	EXPOSING
114.000072	6.334	12.487	25.09375	EXPOSING
114.500140	6.334	12.488	24.9296875	EXPOSING
115.002565	6.335	12.488	25.0703125	EXPOSING
115.500081	6.333	12.488	25.0390625	EXPOSING
116.006158	6.334	12.488	25.0546875	EXPOSING
116.500094	6.334	12.488	25.1484375	EXPOSING
117.000078	6.333	12.488	25.109375	EXPOSING
117.500063	6.333	12.488	25.0546875	EXPOSING
118.001462	6.333	12.489	25.109375	EXPOSING
118.500078	6.334	12.488	25.09375	EXPOSING
119.000076	6.333	12.489	25.0390625	EXPOSING
119.500172	6.334	12.488	25.125	EXPOSING
120.000093	6.333	12.488	25.1796875	EXPOSING
120.500262	6.333	12.489	25.09375	EXPOSING
121.005211	6.334	12.489	25.0703125	EXPOSING
121.500071	6.333	12.489	25.1796875	EXPOSING
122.000340	6.333	12.489	25.21875	EXPOSING
122.500146	6.333	12.489	25.203125	EXPOSING
122.999994	6.334	12.489	25.1640625	EXPOSING
123.500091	6.333	12.489	25.203125	EXPOSING
124.003202	6.333	12.489	25.21875	EXPOSING
124.500091	6.334	12.490	25.1484375	EXPOSING
125.000036	6.333	12.489	25.109375	EXPOSING
125.500093	6.334	12.489	25.296875	EXPOSING
126.003482	6.333	12.490	25.2578125	EXPOSING
126.500135	6.334	12.490	25.328125	EXPOSING
127.000071	6.334	12.490	25.2578125	EXPOSING
127.500132	6.334	12.491	25.2578125	EXPOSING
128.000914	6.333	12.490	25.203125	EXPOSING
128.500129	6.334	12.492	25.2578125	EXPOSING
129.000012	6.333	12.491	25.21875	EXPOSING
129.500111	6.334	12.490	25.2578125	EXPOSING
130.000761	6.333	12.490	25.421875	EXPOSING
130.500060	6.333	12.490	25.328125	EXPOSING
131.000060	6.334	12.490	25.3671875	EXPOSING
131.500094	6.334	12.490	25.2578125	EXPOSING
132.000608	6.333	12.490	25.2734375	EXPOSING
132.500085	6.333	12.490	25.3125	EXPOSING
133.000075	6.333	12.489	25.3984375	EXPOSING
133.500093	6.334	12.492	25.4375	EXPOSING
134.001806	6.334	12.491	25.4765625	EXPOSING
134.500195	6.334	12.490	25.453125	EXPOSING
135.005358	6.334	12.491	25.4375	EXPOSING
135.500016	6.334	12.491	25.421875	EXPOSING
136.161066	6.333	12.492	25.421875	EXPOSING
136.499845	6.333	12.491	25.3828125	EXPOSING
137.000070	6.334	12.492	25.453125	EXPOSING
137.501012	6.334	12.491	25.4375	EXPOSING
138.000077	6.333	12.491	25.3984375	EXPOSING
138.500113	6.333	12.491	25.4765625	EXPOSING
139.000060	6.334	12.491	25.3984375	EXPOSING
139.500167	6.333	12.491	25.453125	EXPOSING
140.000074	6.333	12.490	25.4765625	EXPOSING
140.500089	6.334	12.491	25.53125	EXPOSING
141.000067	6.334	12.492	25.4921875	EXPOSING
141.500118	6.334	12.492	25.5703125	EXPOSING
142.000202	6.334	12.492	25.5078125	EXPOSING
142.500137	6.333	12.493	25.6015625	EXPOSING
143.000090	6.334	12.493	25.5078125	EXPOSING
143.500108	6.334	12.492	25.3671875	EXPOSING
144.000111	6.334	12.493	25.6953125	EXPOSING
144.505219	6.334	12.493	25.453125	EXPOSING
145.005183	6.334	12.493	25.5078125	EXPOSING
145.500048	6.334	12.492	25.625	EXPOSING
146.000061	6.334	12.492	25.546875	EXPOSING
146.500963	6.333	12.492	25.53125	EXPOSING
147.002783	6.334	12.493	25.625	EXPOSING
147.500028	6.334	12.493	25.546875	EXPOSING
148.000072	6.333	12.493	25.6015625	EXPOSING
148.505242	6.334	12.493	25.6015625	EXPOSING
149.002670	6.334	12.493	25.6953125	EXPOSING
149.500026	6.334	12.493	25.65625	EXPOSING
150.000120	6.334	12.493	25.546875	EXPOSING
150.508126	6.334	12.493	25.53125	EXPOSING
151.005153	6.334	12.493	25.75	EXPOSING
151.500021	6.334	12.493	25.5078125	EXPOSING
152.000068	6.334	12.492	25.6953125	EXPOSING
152.503636	6.333	12.492	25.6953125	EXPOSING
153.004384	6.334	12.493	25.5703125	EXPOSING
153.500035	6.334	12.492	25.6796875	EXPOSING
154.000143	6.334	12.494	25.765625	EXPOSING
154.505199	6.334	12.494	25.6796875	EXPOSING
155.004647	6.334	12.494	25.6796875	EXPOSING
155.500044	6.334	12.492	25.859375	EXPOSING
156.000134	6.334	12.494	25.6796875	EXPOSING
156.505243	6.334	12.493	25.7265625	EXPOSING
157.005167	6.333	12.493	25.65625	EXPOSING
157.500027	6.334	12.494	25.8359375	EXPOSING
158.000069	6.333	12.493	25.859375	EXPOSING
158.505629	6.334	12.494	25.7265625	EXPOSING
159.005116	6.334	12.494	25.890625	EXPOSING
159.500022	6.333	12.493	25.7109375	EXPOSING
160.000067	6.334	12.494	25.765625	EXPOSING
161.000861	0.054	0.003	25.78125	WAIT
161.500065	0.001	0.000	25.09375	WAIT
162.000139	0.001	0.000	24.9140625	WAIT
162.504607	0.001	0.000	24.8515625	WAIT
163.004810	0.000	0.000	24.9296875	WAIT
163.500027	0.001	0.000	24.671875	WAIT
164.000098	0.001	0.000	24.6875	WAIT
164.503748	0.001	0.000	24.578125	WAIT
165.003173	0.000	0.000	24.5234375	WAIT
165.500136	0.001	0.000	24.4921875	WAIT
166.000075	0.001	0.000	24.359375	WAIT
166.502095	0.001	0.000	24.4140625	WAIT
167.001389	0.000	0.000	24.3828125	WAIT
167.500055	0.001	0.000	24.1953125	WAIT
168.000083	0.001	0.000	24.2734375	WAIT
168.505265	0.001	0.000	24.1796875	WAIT
169.000374	0.001	0.000	24.015625	WAIT
169.500061	0.000	0.000	24.15625	WAIT
170.000106	0.000	0.000	24.0703125	WAIT
170.505236	0.000	0.000	24.03125	WAIT
171.005200	0.001	0.000	24.0859375	WAIT
171.500121	0.000	0.000	24.0703125	WAIT
172.000067	0.001	0.000	23.9609375	WAIT
172.516512	0.001	0.000	23.8828125	WAIT
173.005117	0.001	0.000	23.90625	WAIT
173.500040	0.001	0.000	23.90625	WAIT
174.000074	0.000	0.000	23.9765625	WAIT
174.500078	0.001	0.000	23.828125	WAIT
175.007020	0.001	0.000	23.796875	WAIT
175.500004	0.001	0.000	23.7734375	WAIT
176.000061	0.000	0.000	23.8125	WAIT
176.502740	0.000	0.000	23.703125	WAIT
177.005188	0.001	0.000	23.6484375	WAIT
177.500773	0.001	0.000	23.7265625	WAIT
178.007376	0.001	0.000	23.6640625	WAIT
178.500063	0.001	0.000	23.6484375	WAIT
179.000083	0.001	0.000	23.6328125	WAIT
179.500084	0.001	0.000	23.609375	WAIT
180.000176	0.001	0.000	23.484375	WAIT
180.500077	0.001	0.000	23.5	WAIT
181.008219	0.001	0.000	23.609375	WAIT
181.500057	0.000	0.000	23.5	WAIT
181.999995	0.001	0.000	23.46875	WAIT
182.500114	0.001	0.000	23.4453125	WAIT
183.005204	0.000	0.000	23.5234375	WAIT
183.500186	0.001	0.000	23.3359375	WAIT
184.000077	0.000	0.000	23.4296875	WAIT
184.500094	0.001	0.000	23.5390625	WAIT
185.003297	0.000	0.000	23.4140625	WAIT
185.500122	0.001	0.000	23.3359375	WAIT
186.000067	0.000	0.000	23.4296875	WAIT
186.500089	0.000	0.000	23.375	WAIT
187.001764	0.001	0.000	23.3203125	WAIT
187.500089	0.000	0.000	23.390625	WAIT
188.000070	0.001	0.000	23.4296875	WAIT
188.500171	0.000	0.000	23.3203125	WAIT
189.000331	0.000	0.000	23.265625	WAIT
189.500136	0.001	0.000	23.265625	WAIT
190.000074	0.001	0.000	23.171875	WAIT
190.500156	0.001	0.000	23.25	WAIT
191.002083	0.001	0.000	23.2109375	WAIT
191.500044	0.000	0.000	23.25	WAIT
192.000079	0.001	0.000	23.2265625	WAIT
192.500083	0.000	0.000	23.25	WAIT
193.000885	0.000	0.000	23.2109375	WAIT
193.500074	0.000	0.000	23.2265625	WAIT
194.000075	0.000	0.000	23.15625	WAIT
194.500080	0.001	0.000	23.140625	WAIT
195.000085	0.000	0.000	23.171875	WAIT
195.500102	0.000	0.000	23.25	WAIT
196.000077	0.000	0.000	23.2109375	WAIT
196.500146	0.000	0.000	23.1015625	WAIT
197.000002	0.000	0.000	23.078125	WAIT
197.500130	0.000	0.000	22.96875	WAIT
198.000459	0.001	0.000	23.0625	WAIT
198.500097	0.000	0.000	23.1015625	WAIT
199.000367	0.000	0.000	22.9921875	WAIT
199.500102	0.000	0.000	23.0625	WAIT
200.003645	0.000	0.000	22.953125	WAIT
200.500068	0.000	0.000	23.0078125	WAIT
201.000078	0.001	0.000	22.96875	WAIT
201.500116	0.000	0.000	23.0234375	WAIT
202.000076	0.001	0.000	23.0234375	WAIT
202.500099	0.000	0.000	23.1171875	WAIT
203.000164	0.000	0.000	22.9921875	WAIT
203.500142	0.000	0.000	23.0234375	WAIT
203.999974	0.000	0.000	23.0234375	WAIT
204.500167	0.001	0.000	22.96875	WAIT
205.000398	0.000	0.000	22.859375	WAIT
205.500083	0.000	0.000	23.0078125	WAIT
206.005195	0.001	0.000	22.953125	WAIT
206.500073	0.001	0.000	22.953125	WAIT
207.002247	0.000	0.000	22.953125	WAIT
207.500129	0.000	0.000	22.921875	WAIT
208.000068	0.000	0.000	22.8984375	WAIT
208.500056	0.001	0.000	22.8984375	WAIT
209.035362	0.000	0.000	22.96875	WAIT
209.500052	0.001	0.000	22.859375	WAIT
210.002335	0.001	0.000	22.859375	WAIT
210.500046	0.001	0.000	22.8046875	WAIT
211.002937	0.001	0.000	22.953125	WAIT
211.500139	0.001	0.000	22.9375	WAIT
212.000935	0.001	0.000	22.828125	WAIT
212.500082	0.001	0.000	22.84375	WAIT
213.000061	0.000	0.000	22.96875	WAIT
213.500065	0.000	0.000	22.84375	WAIT
214.000064	0.001	0.000	22.7734375	WAIT
214.500081	0.000	0.000	22.859375	WAIT
215.000081	0.001	0.000	22.7890625	WAIT
215.500119	0.001	0.000	22.8046875	WAIT
216.000071	0.001	0.000	22.828125	WAIT
216.500103	0.000	0.000	22.7890625	WAIT
217.000061	0.000	0.000	22.859375	WAIT
217.500127	0.000	0.000	22.8046875	WAIT
218.002628	0.001	0.000	22.8046875	WAIT
218.500104	0.000	0.000	22.7734375	WAIT
219.000571	0.001	0.000	22.75	WAIT
219.500087	0.000	0.000	22.859375	WAIT
220.000088	0.001	0.000	22.75	WAIT
220.500059	0.000	0.000	22.828125	WAIT
221.002276	0.001	0.000	22.7734375	WAIT
221.500140	0.000	0.000	22.7890625	WAIT
222.000007	0.001	0.000	22.7734375	WAIT
222.500098	0.001	0.000	22.7734375	WAIT
223.000080	0.001	0.000	22.828125	WAIT
223.500111	0.001	0.000	22.6953125	WAIT
224.000082	0.000	0.000	22.828125	WAIT
224.500130	0.000	0.000	22.7890625	WAIT
225.000457	0.000	0.000	22.609375	WAIT
225.500080	0.000	0.000	22.75	WAIT
226.000102	0.000	0.000	22.609375	WAIT
226.500102	0.000	0.000	22.6953125	WAIT
227.002165	0.000	0.000	22.6953125	WAIT
227.500069	0.001	0.000	22.8046875	WAIT
228.000083	0.000	0.000	22.75	WAIT
228.500146	0.001	0.000	22.640625	WAIT
229.005233	0.001	0.000	22.609375	WAIT
229.500122	0.000	0.000	22.640625	WAIT
230.000080	0.001	0.000	22.609375	WAIT
230.500223	0.001	0.000	22.6640625	WAIT
231.000077	0.000	0.000	22.6796875	WAIT
231.500127	0.000	0.000	22.640625	WAIT
232.005203	0.001	0.000	22.6796875	WAIT
232.500124	0.001	0.000	22.5859375	WAIT
232.999983	0.000	0.000	22.5703125	WAIT
233.500091	0.001	0.000	22.609375	WAIT
234.005198	0.001	0.000	22.5703125	WAIT
234.500031	0.000	0.000	22.6640625	WAIT
235.000105	0.001	0.000	22.609375	WAIT
235.500063	0.000	0.000	22.5859375	WAIT
236.000119	0.000	0.000	22.6640625	WAIT
236.501745	0.000	0.000	22.640625	WAIT
237.005171	0.000	0.000	22.5703125	WAIT
237.500117	0.000	0.000	22.5	WAIT
238.000068	0.000	0.000	22.625	WAIT
238.502370	0.001	0.000	22.5859375	WAIT
239.014554	0.001	0.000	22.4765625	WAIT
239.500032	0.000	0.000	22.515625	WAIT
240.000075	0.001	0.000	22.625	WAIT
240.503461	0.001	0.000	22.5546875	WAIT
241.005152	0.001	0.000	22.5859375	WAIT
241.500052	0.000	0.000	22.640625	WAIT
242.000066	0.001	0.000	22.5703125	WAIT
242.503716	0.000	0.000	22.5859375	WAIT
243.003279	0.000	0.000	22.5703125	WAIT
243.500108	0.001	0.000	22.5546875	WAIT
244.000063	0.000	0.000	22.40625	WAIT
244.501370	0.001	0.000	22.625	WAIT
245.005182	0.001	0.000	22.515625	WAIT
245.500028	0.001	0.000	22.421875	WAIT
246.000072	0.000	0.000	22.4609375	WAIT
246.505928	0.001	0.000	22.5	WAIT
247.007266	0.001	0.000	22.4765625	WAIT
247.499975	0.001	0.000	22.515625	WAIT
248.000090	0.001	0.000	22.40625	WAIT
248.518449	0.000	0.000	22.40625	WAIT
249.005122	0.000	0.000	22.4765625	WAIT
249.500029	0.001	0.000	22.5859375	WAIT
250.000073	0.001	0.000	22.4765625	WAIT
250.501258	0.000	0.000	22.4765625	WAIT
251.005140	0.000	0.000	22.4765625	WAIT
251.499809	0.001	0.000	22.53125	WAIT
252.000075	0.000	0.000	22.40625	WAIT
252.512568	0.000	0.000	22.4765625	WAIT
253.004199	0.001	0.000	22.4453125	WAIT
253.500077	0.000	0.000	22.3671875	WAIT
254.000064	0.000	0.000	22.5	WAIT
254.500860	0.001	0.000	22.4765625	WAIT
255.005150	0.000	0.000	22.390625	WAIT
255.500045	0.001	0.000	22.421875	WAIT
256.000093	0.000	0.000	22.3671875	WAIT
256.500514	0.000	0.000	22.3515625	WAIT
257.005163	0.000	0.000	22.390625	WAIT
257.500030	0.000	0.000	22.53125	WAIT
258.000069	0.000	0.000	22.3125	WAIT
258.511868	0.001	0.000	22.3359375	WAIT
259.000731	0.001	0.000	22.3359375	WAIT
259.500076	0.001	0.000	22.3671875	WAIT
260.000051	0.001	0.000	22.390625	WAIT
260.502149	0.000	0.000	22.4453125	WAIT
261.005134	0.001	0.000	22.40625	WAIT
261.500226	0.000	0.000	22.4453125	WAIT
262.000081	0.000	0.000	22.5	WAIT
262.509194	0.001	0.000	22.421875	WAIT
263.500252	0.001	0.000	22.4453125	WAIT
264.000059	0.001	0.000	22.3671875	WAIT
264.500079	0.001	0.000	22.2734375	WAIT
265.005175	0.001	0.000	22.3515625	WAIT
265.500129	0.000	0.000	22.421875	WAIT
266.003922	0.000	0.000	22.3515625	WAIT
266.500083	0.001	0.000	22.3515625	WAIT
267.001459	0.000	0.000	22.2578125	WAIT
267.500086	0.001	0.000	22.40625	WAIT
268.005220	0.001	0.000	22.203125	WAIT
268.500124	0.001	0.000	22.4453125	WAIT
269.003990	0.000	0.000	22.3515625	WAIT
269.500059	0.001	0.000	22.2734375	WAIT
270.000089	0.000	0.000	22.296875	WAIT
270.500109	0.001	0.000	22.3125	WAIT
271.009380	0.001	0.000	22.3359375	WAIT
271.500016	0.000	0.000	22.3359375	WAIT
272.000093	0.001	0.000	22.3359375	WAIT
272.500327	0.000	0.000	22.40625	WAIT
273.000093	0.001	0.000	22.296875	WAIT
273.500075	0.000	0.000	22.3359375	WAIT
274.001798	0.001	0.000	22.2734375	WAIT
274.500078	0.001	0.000	22.40625	WAIT
275.002424	0.000	0.000	22.3671875	WAIT
275.500066	0.001	0.000	22.3125	WAIT
276.000076	0.000	0.000	22.203125	WAIT
276.500078	0.001	0.000	22.296875	WAIT
277.005231	0.001	0.000	22.3125	WAIT
277.500069	0.000	0.000	22.2734375	WAIT
278.000084	0.001	0.000	22.2421875	WAIT
278.500076	0.001	0.000	22.3671875	WAIT
279.000078	0.001	0.000	22.296875	WAIT
279.500107	0.000	0.000	22.21875	WAIT
280.000510	0.001	0.000	22.21875	WAIT
280.500072	0.000	0.000	22.21875	WAIT
281.005198	0.001	0.000	22.2734375	WAIT
281.500057	0.000	0.000	22.1875	WAIT
282.003346	0.001	0.000	22.296875	WAIT
282.500084	0.000	0.000	22.2421875	WAIT
283.000113	0.001	0.000	22.296875	WAIT
283.500070	0.001	0.000	22.3359375	WAIT
284.005185	0.001	0.000	22.1640625	WAIT
284.500068	0.001	0.000	22.296875	WAIT
285.000078	0.000	0.000	22.296875	WAIT
285.500069	0.001	0.000	22.09375	WAIT
286.000077	0.001	0.000	22.2421875	WAIT
286.500121	0.000	0.000	22.296875	WAIT
287.004137	0.001	0.000	22.3125	WAIT
287.500196	0.000	0.000	22.2421875	WAIT
288.000069	0.000	0.000	22.296875	WAIT
288.500090	0.000	0.000	22.1640625	WAIT
289.004429	0.001	0.000	22.21875	WAIT
289.500126	0.001	0.000	22.203125	WAIT
290.000030	0.000	0.000	22.2734375	WAIT
290.500093	0.001	0.000	22.2421875	WAIT
291.000092	0.000	0.000	22.3359375	WAIT
291.500119	0.001	0.000	22.2421875	WAIT
292.006909	0.001	0.000	22.203125	WAIT
292.500073	0.000	0.000	22.21875	WAIT
293.001452	0.001	0.000	22.1484375	WAIT
293.500072	0.001	0.000	22.0234375	WAIT
294.000066	0.000	0.000	22.203125	WAIT
294.500124	0.000	0.000	22.21875	WAIT
295.000104	0.001	0.000	22.203125	WAIT
295.500153	0.000	0.000	22.296875	WAIT
296.000119	0.000	0.000	22.2421875	WAIT
296.500083	0.000	0.000	22.0	WAIT
297.001922	0.001	0.000	22.203125	WAIT
297.500118	0.000	0.000	22.2421875	WAIT
298.000087	0.001	0.000	22.1328125	WAIT
298.500139	0.001	0.000	22.2578125	WAIT
299.005021	0.001	0.000	22.1328125	WAIT
299.500053	0.001	0.000	22.1875	WAIT
300.000073	0.000	0.000	22.1484375	WAIT
300.500071	0.001	0.000	22.1328125	WAIT
301.005216	0.001	0.000	22.21875	WAIT
301.500057	0.001	0.000	22.203125	WAIT
302.000083	0.000	0.000	22.1484375	WAIT
302.500138	0.000	0.000	22.109375	WAIT
303.004135	0.000	0.000	22.203125	WAIT
303.500090	0.001	0.000	22.1875	WAIT
304.006683	0.000	0.000	22.109375	WAIT
304.500040	0.001	0.000	22.2421875	WAIT
305.004059	0.001	0.000	22.078125	WAIT
305.500115	0.000	0.000	22.078125	WAIT
306.001574	0.001	0.000	22.1640625	WAIT
306.500055	0.000	0.000	22.1328125	WAIT
307.004198	0.000	0.000	22.1328125	WAIT
307.500068	0.000	0.000	22.203125	WAIT
308.000157	0.000	0.000	22.203125	WAIT
308.500092	0.001	0.000	22.1640625	WAIT
309.002804	0.001	0.000	22.109375	WAIT
309.500124	0.001	0.000	22.203125	WAIT
310.000081	0.000	0.000	22.1875	WAIT
310.500080	0.000	0.000	22.09375	WAIT
311.000550	0.000	0.000	22.0546875	WAIT
311.500044	0.001	0.000	22.1328125	WAIT
312.005209	0.000	0.000	22.078125	WAIT
312.500055	0.000	0.000	22.1875	WAIT
313.001647	0.000	0.000	22.09375	WAIT
313.500080	0.001	0.000	22.1484375	WAIT
314.000039	0.000	0.000	21.96875	WAIT
314.500079	0.001	0.000	22.1640625	WAIT
315.005192	0.000	0.000	22.109375	WAIT
315.500125	0.000	0.000	22.0390625	WAIT
316.000078	0.001	0.000	21.9453125	WAIT
316.500058	0.001	0.000	22.0	WAIT
317.004365	0.000	0.000	22.0	WAIT
317.500053	0.000	0.000	22.078125	WAIT
318.003256	0.000	0.000	22.0234375	WAIT
318.500082	0.000	0.000	22.09375	WAIT
319.005157	0.000	0.000	22.0390625	WAIT
319.500071	0.000	0.000	22.1328125	WAIT
320.003297	0.000	0.000	22.1328125	WAIT
320.500097	0.001	0.000	22.0390625	WAIT
321.000060	0.001	0.000	22.0	WAIT
321.500131	0.001	0.000	22.0	WAIT
322.004061	0.000	0.000	22.09375	WAIT
322.500093	0.001	0.000	22.078125	WAIT
323.000083	0.000	0.000	22.1328125	WAIT
323.500096	0.000	0.000	22.0234375	WAIT
324.002652	0.000	0.000	22.0390625	WAIT
324.500061	0.000	0.000	22.0390625	WAIT
325.000072	0.000	0.000	21.984375	WAIT
325.500073	0.000	0.000	22.0234375	WAIT
326.005251	0.000	0.000	21.96875	WAIT
326.500054	0.001	0.000	22.078125	WAIT
327.008384	0.000	0.000	22.0234375	WAIT
327.500078	0.000	0.000	21.8359375	WAIT
328.001441	0.001	0.000	21.96875	WAIT
328.500081	0.000	0.000	22.09375	WAIT
329.000078	0.000	0.000	22.0	WAIT
329.500053	0.000	0.000	22.0390625	WAIT
330.000116	0.001	0.000	22.0	WAIT
330.500349	0.001	0.000	22.078125	WAIT
330.999982	0.001	0.000	22.0390625	WAIT
331.500144	0.001	0.000	22.0	WAIT
332.002335	0.000	0.000	22.0234375	WAIT
332.500094	0.001	0.000	22.078125	WAIT
332.999999	0.000	0.000	22.0390625	WAIT
333.500097	0.001	0.000	22.0390625	WAIT
334.001864	0.000	0.000	22.0	WAIT
334.500092	0.000	0.000	22.0	WAIT
335.000083	0.001	0.000	22.09375	WAIT
335.500065	0.001	0.000	21.984375	WAIT
336.001511	0.000	0.000	22.0390625	WAIT
336.500357	0.000	0.000	22.0546875	WAIT
337.000092	0.001	0.000	21.9296875	WAIT
337.500124	0.001	0.000	22.0390625	WAIT
338.000281	0.001	0.000	21.96875	WAIT
338.500135	0.001	0.000	21.984375	WAIT
339.001356	0.001	0.000	22.09375	WAIT
339.500086	0.001	0.000	22.0	WAIT
