#Resonance Frequency: 923000.000 kHz
#Set Current: 3.67 A
Time [s]	Current [A]	Voltage [V]	T0 [degC]	State
0.000042	0.000	0.000	21.015625	BEFORE
0.499996	0.000	0.000	21.234375	BEFORE
1.000551	0.000	0.000	21.15625	BEFORE
1.503463	0.000	0.000	21.15625	BEFORE
1.999960	0.000	0.000	21.0859375	BEFORE
2.528641	0.001	0.000	21.25	BEFORE
2.999951	0.000	0.000	21.140625	BEFORE
3.505074	0.000	0.000	21.140625	BEFORE
4.000035	0.001	0.000	21.0859375	BEFORE
4.502167	0.000	0.000	21.25	BEFORE
5.001072	0.000	0.000	21.1796875	BEFORE
5.499995	0.000	0.000	21.25	BEFORE
6.005831	0.000	0.000	21.1953125	BEFORE
6.623823	0.000	0.000	21.140625	BEFORE
7.514569	0.001	0.000	21.1796875	BEFORE
7.999865	0.000	0.000	21.1796875	BEFORE
8.507676	0.000	0.000	21.1015625	BEFORE
8.999855	0.000	0.000	21.21875	BEFORE
9.517310	0.000	0.000	21.1953125	BEFORE
9.999875	0.000	0.000	21.25	BEFORE
10.521796	0.000	0.000	21.140625	BEFORE
10.999901	0.000	0.000	21.1796875	BEFORE
11.504048	0.000	0.000	21.15625	BEFORE
11.999837	0.000	0.000	21.25	BEFORE
12.507385	0.000	0.000	21.3203125	BEFORE
12.999946	0.000	0.000	21.1015625	BEFORE
13.531326	0.000	0.000	21.140625	BEFORE
13.999884	0.000	0.000	21.140625	BEFORE
14.506394	0.000	0.000	21.1796875	BEFORE
14.999815	0.000	0.000	21.1015625	BEFORE
15.505123	0.000	0.000	21.21875	BEFORE
15.999899	0.000	0.000	21.15625	BEFORE
16.511617	0.000	0.000	21.3046875	BEFORE
16.999901	0.000	0.000	21.125	BEFORE
17.500312	0.000	0.000	21.0703125	BEFORE
17.999931	0.000	0.000	21.1953125	BEFORE
18.504903	0.000	0.000	21.1796875	BEFORE
18.999840	0.000	0.000	21.3046875	BEFORE
19.526552	0.000	0.000	21.234375	BEFORE
19.999869	0.000	0.000	21.125	BEFORE
20.499995	0.000	0.000	21.25	BEFORE
20.999926	0.000	0.000	21.0859375	BEFORE
21.506157	0.000	0.000	21.15625	BEFORE
21.999883	0.000	0.000	21.1796875	BEFORE
22.513046	0.000	0.000	21.1015625	BEFORE
22.999864	0.000	0.000	21.1796875	BEFORE
23.504248	0.000	0.000	21.0859375	BEFORE
23.999840	0.000	0.000	21.125	BEFORE
24.504043	0.000	0.000	21.0859375	BEFORE
24.999964	0.000	0.000	21.234375	BEFORE
25.523432	0.000	0.000	21.046875	BEFORE
25.999799	0.000	0.000	21.140625	BEFORE
26.517288	0.000	0.000	21.15625	BEFORE
27.000118	0.000	0.000	21.0859375	BEFORE
27.505145	0.000	0.000	21.0703125	BEFORE
27.999903	0.000	0.000	21.234375	BEFORE
28.504184	0.000	0.000	21.15625	BEFORE
29.001289	0.000	0.000	21.0703125	BEFORE
29.503873	0.000	0.000	21.21875	BEFORE
29.999928	0.000	0.000	21.234375	BEFORE
30.522852	0.000	0.000	21.125	BEFORE
30.999893	0.000	0.000	21.1015625	BEFORE
31.516412	0.000	0.000	21.1796875	BEFORE
31.999868	0.000	0.000	21.15625	BEFORE
32.504620	0.000	0.000	21.140625	BEFORE
32.999831	0.000	0.000	21.125	BEFORE
33.500273	0.000	0.000	21.0859375	BEFORE
33.999905	0.001	0.000	21.21875	BEFORE
34.500007	0.001	0.000	21.140625	BEFORE
34.999892	0.000	0.000	21.234375	BEFORE
35.505160	0.000	0.000	21.1953125	BEFORE
35.999918	0.000	0.000	21.140625	BEFORE
36.500423	0.000	0.000	21.140625	BEFORE
36.999916	0.000	0.000	21.015625	BEFORE
37.502820	0.000	0.000	21.15625	BEFORE
37.999879	0.000	0.000	21.125	BEFORE
38.501379	0.000	0.000	21.1015625	BEFORE
38.999877	0.000	0.000	20.9765625	BEFORE
39.500777	0.000	0.000	21.125	BEFORE
39.999955	0.000	0.000	21.25	BEFORE
40.502675	0.001	0.000	21.15625	BEFORE
40.999926	0.000	0.000	21.1015625	BEFORE
41.500068	0.000	0.000	20.9921875	BEFORE
41.999896	0.000	0.000	21.15625	BEFORE
42.515472	0.000	0.000	21.015625	BEFORE
42.999881	0.000	0.000	20.9921875	BEFORE
43.512258	0.000	0.000	21.1015625	BEFORE
43.999840	0.000	0.000	21.125	BEFORE
44.505356	0.000	0.000	21.25	BEFORE
44.999846	0.000	0.000	21.1796875	BEFORE
45.503659	0.000	0.000	21.0859375	BEFORE
45.999892	0.000	0.000	21.25	BEFORE
46.515722	0.000	0.000	21.234375	BEFORE
46.999924	0.000	0.000	21.15625	BEFORE
47.504272	0.000	0.000	21.15625	BEFORE
47.999995	0.000	0.000	21.125	BEFORE
48.505171	0.000	0.000	21.15625	BEFORE
48.999904	0.000	0.000	21.140625	BEFORE
49.500687	0.000	0.000	21.1015625	BEFORE
49.999896	0.000	0.000	21.046875	BEFORE
50.509904	0.000	0.000	20.9921875	BEFORE
50.999871	0.000	0.000	21.125	BEFORE
51.505133	0.001	0.000	21.0859375	BEFORE
51.999906	0.000	0.000	21.1015625	BEFORE
52.501551	0.000	0.000	21.015625	BEFORE
52.999990	0.000	0.000	21.125	BEFORE
53.505158	0.000	0.000	21.0703125	BEFORE
53.999907	0.001	0.000	21.21875	BEFORE
54.510262	0.000	0.000	21.125	BEFORE
54.999870	0.000	0.000	21.140625	BEFORE
55.505144	0.000	0.000	21.1015625	BEFORE
55.999902	0.000	0.000	21.125	BEFORE
56.505438	0.000	0.000	21.0859375	BEFORE
56.999857	0.000	0.000	21.21875	BEFORE
57.507155	0.000	0.000	21.140625	BEFORE
57.999887	0.000	0.000	21.046875	BEFORE
58.507104	0.000	0.000	21.125	BEFORE
58.999845	0.000	0.000	21.1796875	BEFORE
59.509033	0.000	0.000	21.15625	BEFORE
59.999909	0.000	0.000	21.1796875	BEFORE
61.000038	3.663	8.659	20.9921875	EXPOSING
61.500942	3.663	8.661	21.46875	EXPOSING
61.999894	3.663	8.661	21.7265625	EXPOSING
62.500914	3.663	8.663	21.875	EXPOSING
62.999819	3.663	8.664	21.9453125	EXPOSING
63.503915	3.663	8.663	21.9140625	EXPOSING
63.999926	3.663	8.663	21.9453125	EXPOSING
64.542286	3.663	8.663	22.1328125	EXPOSING
64.999829	3.663	8.663	21.9453125	EXPOSING
65.511671	3.663	8.663	21.984375	EXPOSING
65.999873	3.664	8.663	22.078125	EXPOSING
66.500281	3.663	8.662	22.109375	EXPOSING
66.999966	3.663	8.663	22.1484375	EXPOSING
67.505162	3.663	8.663	22.078125	EXPOSING
67.999964	3.663	8.662	22.078125	EXPOSING
68.500945	3.663	8.662	22.0546875	EXPOSING
68.999868	3.664	8.662	22.203125	EXPOSING
69.503014	3.664	8.664	22.2421875	EXPOSING
69.999840	3.664	8.663	22.2421875	EXPOSING
70.524505	3.663	8.664	22.21875	EXPOSING
71.000559	3.663	8.663	22.2578125	EXPOSING
71.502808	3.663	8.662	22.109375	EXPOSING
71.999958	3.664	8.662	22.203125	EXPOSING
72.510446	3.664	8.662	22.1484375	EXPOSING
72.999908	3.663	8.662	22.203125	EXPOSING
73.501779	3.663	8.662	22.1640625	EXPOSING
73.999885	3.663	8.663	22.21875	EXPOSING
74.500000	3.664	8.663	22.203125	EXPOSING
74.999878	3.663	8.663	22.296875	EXPOSING
75.516447	3.663	8.663	22.296875	EXPOSING
75.999892	3.664	8.663	22.2734375	EXPOSING
76.505475	3.664	8.662	22.40625	EXPOSING
76.999908	3.663	8.663	22.3359375	EXPOSING
77.502867	3.664	8.662	22.2734375	EXPOSING
77.999879	3.663	8.662	22.3125	EXPOSING
78.509330	3.663	8.662	22.21875	EXPOSING
78.999860	3.663	8.662	22.390625	EXPOSING
79.513047	3.663	8.662	22.2734375	EXPOSING
79.999875	3.663	8.663	22.390625	EXPOSING
80.507400	3.663	8.662	22.3515625	EXPOSING
80.999871	3.664	8.660	22.3671875	EXPOSING
81.500965	3.663	8.662	22.3125	EXPOSING
81.999861	3.663	8.662	22.296875	EXPOSING
82.508610	3.664	8.661	22.5	EXPOSING
82.999837	3.663	8.661	22.3671875	EXPOSING
83.503597	3.663	8.663	22.3671875	EXPOSING
83.999843	3.663	8.662	22.5	EXPOSING
84.503784	3.663	8.663	22.390625	EXPOSING
84.999885	3.663	8.661	22.3359375	EXPOSING
85.510566	3.663	8.661	22.4453125	EXPOSING
85.999957	3.664	8.662	22.421875	EXPOSING
86.508191	3.663	8.663	22.4609375	EXPOSING
86.999902	3.664	8.662	22.3515625	EXPOSING
87.505647	3.663	8.663	22.40625	EXPOSING
87.999891	3.663	8.662	22.390625	EXPOSING
88.507643	3.663	8.662	22.40625	EXPOSING
88.999892	3.663	8.662	22.390625	EXPOSING
89.502228	3.663	8.661	22.515625	EXPOSING
89.999871	3.663	8.661	22.515625	EXPOSING
90.506418	3.663	8.660	22.609375	EXPOSING
90.999870	3.663	8.662	22.4453125	EXPOSING
91.506827	3.663	8.662	22.515625	EXPOSING
91.999868	3.663	8.661	22.515625	EXPOSING
92.503245	3.664	8.662	22.515625	EXPOSING
92.999860	3.664	8.662	22.3671875	EXPOSING
93.511804	3.663	8.661	22.4453125	EXPOSING
93.999886	3.663	8.661	22.5	EXPOSING
94.501621	3.663	8.662	22.5859375	EXPOSING
94.999889	3.663	8.662	22.5546875	EXPOSING
95.501176	3.663	8.662	22.5546875	EXPOSING
95.999887	3.663	8.660	22.4609375	EXPOSING
96.505984	3.663	8.661	22.5859375	EXPOSING
96.999851	3.663	8.663	22.4765625	EXPOSING
97.505154	3.663	8.661	22.609375	EXPOSING
97.999839	3.664	8.661	22.5546875	EXPOSING
98.501226	3.663	8.660	22.4765625	EXPOSING
98.999896	3.664	8.664	22.609375	EXPOSING
99.505478	3.663	8.663	22.53125	EXPOSING
99.999881	3.663	8.662	22.4453125	EXPOSING
100.501262	3.663	8.661	22.6640625	EXPOSING
100.999892	3.663	8.662	22.4765625	EXPOSING
101.513823	3.663	8.663	22.4609375	EXPOSING
101.999865	3.663	8.662	22.53125	EXPOSING
102.501807	3.664	8.662	22.5703125	EXPOSING
102.999913	3.664	8.663	22.515625	EXPOSING
103.501955	3.663	8.663	22.4453125	EXPOSING
103.999919	3.664	8.663	22.71875	EXPOSING
104.516502	3.663	8.661	22.6640625	EXPOSING
104.999864	3.663	8.663	22.625	EXPOSING
105.503436	3.664	8.662	22.640625	EXPOSING
105.999901	3.664	8.663	22.640625	EXPOSING
106.500434	3.663	8.662	22.4609375	EXPOSING
106.999966	3.663	8.664	22.53125	EXPOSING
107.500671	3.663	8.662	22.5	EXPOSING
107.999892	3.664	8.663	22.625	EXPOSING
108.505700	3.663	8.663	22.609375	EXPOSING
108.999851	3.663	8.662	22.640625	EXPOSING
109.511094	3.663	8.662	22.640625	EXPOSING
109.999875	3.663	8.662	22.71875	EXPOSING
110.505167	3.663	8.661	22.609375	EXPOSING
110.999823	3.663	8.662	22.5	EXPOSING
111.504091	3.663	8.662	22.71875	EXPOSING
111.999856	3.663	8.662	22.625	EXPOSING
112.500755	3.663	8.662	22.71875	EXPOSING
112.999887	3.663	8.662	22.625	EXPOSING
113.501818	3.663	8.662	22.5703125	EXPOSING
113.999891	3.664	8.662	22.5859375	EXPOSING
114.500648	3.664	8.662	22.609375	EXPOSING
114.999887	3.663	8.662	22.640625	EXPOSING
115.500124	3.663	8.662	22.7734375	EXPOSING
115.999873	3.663	8.662	22.71875	EXPOSING
116.505988	3.663	8.665	22.609375	EXPOSING
116.999847	3.663	8.669	22.625	EXPOSING
117.504203	3.663	8.672	22.6796875	EXPOSING
117.999844	3.664	8.672	22.75	EXPOSING
118.502450	3.663	8.668	22.71875	EXPOSING
118.999880	3.663	8.661	22.6953125	EXPOSING
119.502062	3.663	8.663	22.734375	EXPOSING
119.999884	3.663	8.663	22.6953125	EXPOSING
120.999986	0.000	0.000	22.75	WAIT
121.508051	0.000	0.000	21.96875	WAIT
121.999854	0.000	0.000	21.96875	WAIT
122.508099	0.001	0.000	21.8203125	WAIT
122.999856	0.000	0.000	21.8359375	WAIT
123.502254	0.000	0.000	21.796875	WAIT
123.999917	0.000	0.000	21.890625	WAIT
124.500102	0.001	0.000	21.6953125	WAIT
124.999872	0.000	0.000	21.8203125	WAIT
125.505364	0.000	0.000	21.8203125	WAIT
125.999812	0.000	0.000	21.7265625	WAIT
126.500849	0.001	0.000	21.6953125	WAIT
126.999871	0.001	0.000	21.7265625	WAIT
127.502944	0.000	0.000	21.7109375	WAIT
127.999863	0.000	0.000	21.7109375	WAIT
128.503135	0.000	0.000	21.7109375	WAIT
128.999866	0.000	0.000	21.7109375	WAIT
129.501061	0.000	0.000	21.671875	WAIT
129.999887	0.000	0.000	21.6328125	WAIT
130.501653	0.000	0.000	21.7265625	WAIT
130.999875	0.000	0.000	21.6015625	WAIT
131.509382	0.000	0.000	21.6328125	WAIT
131.999860	-1	-1	-274	ERROR
132.501252	0.000	0.000	21.6171875	WAIT
132.999888	0.000	0.000	21.671875	WAIT
133.501064	0.000	0.000	21.578125	WAIT
133.999869	0.000	0.000	21.6015625	WAIT
134.501813	0.000	0.000	21.578125	WAIT
134.999875	0.000	0.000	21.46875	WAIT
135.500239	0.000	0.000	21.6328125	WAIT
135.999857	0.000	0.000	21.578125	WAIT
136.501578	0.000	0.000	21.5234375	WAIT
136.999886	0.000	0.000	21.6015625	WAIT
137.505291	0.000	0.000	21.578125	WAIT
138.000107	0.000	0.000	21.46875	WAIT
138.500013	0.000	0.000	21.5078125	WAIT
138.999869	0.000	0.000	21.6328125	WAIT
139.500966	0.000	0.000	21.453125	WAIT
139.999875	0.000	0.000	21.578125	WAIT
140.502812	0.000	0.000	21.6015625	WAIT
140.999840	0.000	0.000	21.5078125	WAIT
141.500609	0.000	0.000	21.5234375	WAIT
141.999887	0.001	0.000	21.5078125	WAIT
142.503613	0.000	0.000	21.546875	WAIT
142.999867	0.000	0.000	21.5234375	WAIT
143.502053	0.000	0.000	21.5078125	WAIT
143.999848	0.000	0.000	21.46875	WAIT
144.508558	0.000	0.000	21.5078125	WAIT
144.999951	0.000	0.000	21.5078125	WAIT
145.500509	0.000	0.000	21.5078125	WAIT
145.999878	0.000	0.000	21.5078125	WAIT
146.501089	0.000	0.000	21.5078125	WAIT
146.999820	0.000	0.000	21.4921875	WAIT
147.502613	0.000	0.000	21.46875	WAIT
147.999858	0.000	0.000	21.46875	WAIT
148.512732	0.000	0.000	21.5078125	WAIT
148.999861	0.000	0.000	21.4140625	WAIT
149.500172	0.000	0.000	21.3828125	WAIT
149.999865	0.000	0.000	21.3984375	WAIT
150.504000	0.000	0.000	21.5234375	WAIT
150.999831	0.000	0.000	21.5078125	WAIT
151.511777	0.000	0.000	21.4375	WAIT
151.999897	0.000	0.000	21.453125	WAIT
152.516113	0.000	0.000	21.5625	WAIT
152.999814	0.000	0.000	21.3203125	WAIT
153.501117	0.001	0.000	21.46875	WAIT
153.999909	0.000	0.000	21.453125	WAIT
154.503808	0.000	0.000	21.3828125	WAIT
154.999901	0.000	0.000	21.359375	WAIT
155.500191	0.000	0.000	21.359375	WAIT
155.999897	0.000	0.000	21.2890625	WAIT
156.508913	0.000	0.000	21.46875	WAIT
156.999811	0.000	0.000	21.3203125	WAIT
157.505912	0.000	0.000	21.46875	WAIT
157.999916	0.000	0.000	21.3984375	WAIT
158.513858	0.000	0.000	21.3828125	WAIT
158.999827	0.000	0.000	21.4140625	WAIT
159.511973	0.000	0.000	21.453125	WAIT
159.999858	0.000	0.000	21.2890625	WAIT
160.500372	0.000	0.000	21.3828125	WAIT
160.999827	0.000	0.000	21.4140625	WAIT
161.511816	0.000	0.000	21.34375	WAIT
161.999852	0	0.000	21.4375	WAIT
