#Resonance Frequency: 241000.000 kHz
#Set Current: 3.02 A
Time [s]	Current [A]	Voltage [V]	T0 [degC]	State
0.000047	0.000	0.000	20.0625	BEFORE
1.000363	0.000	0.000	20.1171875	BEFORE
2.000358	0.000	0.000	19.984375	BEFORE
3.000359	0.000	0.000	20.1328125	BEFORE
4.001737	0.000	0.000	20.078125	BEFORE
5.007168	0.000	0.000	20.1171875	BEFORE
6.004619	0.000	0.000	20.0625	BEFORE
7.000352	0.000	0.000	20.1171875	BEFORE
8.000391	0.000	0.000	20.0390625	BEFORE
9.000357	0.000	0.000	20.1171875	BEFORE
10.000364	0.000	0.000	20.09375	BEFORE
11.000392	0.000	0.000	20.1484375	BEFORE
12.000388	0.000	0.000	20.0390625	BEFORE
13.000367	0.000	0.000	20.09375	BEFORE
14.000361	0.000	0.000	20.1328125	BEFORE
15.000390	0.000	0.000	20.0625	BEFORE
16.000367	0.000	0.000	20.078125	BEFORE
17.000395	0.000	0.000	20.1171875	BEFORE
18.000395	0.000	0.000	20.0390625	BEFORE
19.000402	0.000	0.000	20.0234375	BEFORE
20.000392	0.000	0.000	20.0625	BEFORE
21.000372	0.000	0.000	20.0234375	BEFORE
22.000398	0.000	0.000	20.0625	BEFORE
23.000389	0.000	0.000	20.1171875	BEFORE
24.000381	0.000	0.000	20.1328125	BEFORE
25.000378	0.000	0.000	20.1171875	BEFORE
26.000394	0.000	0.000	20.0234375	BEFORE
27.000448	0.000	0.000	20.1484375	BEFORE
28.000375	0.000	0.000	20.1484375	BEFORE
29.000391	0.000	0.000	20.203125	BEFORE
30.000368	0.001	0.000	20.078125	BEFORE
31.000384	0.000	0.000	20.0625	BEFORE
32.000495	0.000	0.000	19.984375	BEFORE
33.000432	0.000	0.000	20.09375	BEFORE
34.000401	0.000	0.000	20.1875	BEFORE
35.000418	0.000	0.000	20.2265625	BEFORE
36.000399	0.000	0.000	20.1328125	BEFORE
37.000373	0.000	0.000	20.0625	BEFORE
38.000376	0.000	0.000	20.078125	BEFORE
39.000408	0.000	0.000	20.1328125	BEFORE
40.000387	0.000	0.000	20.078125	BEFORE
41.000405	0.000	0.000	20.1328125	BEFORE
42.000393	0.000	0.000	20.078125	BEFORE
43.000372	0.000	0.000	20.0390625	BEFORE
44.000373	0.000	0.000	20.1328125	BEFORE
45.000394	0.000	0.000	20.09375	BEFORE
46.000426	0.000	0.000	20.0390625	BEFORE
47.000403	0.000	0.000	20.1328125	BEFORE
48.000390	0.000	0.000	20.09375	BEFORE
49.000388	0.000	0.000	20.0078125	BEFORE
50.000374	0.000	0.000	20.078125	BEFORE
51.000367	0.000	0.000	20.078125	BEFORE
52.000379	0.000	0.000	20.1328125	BEFORE
53.000365	0.000	0.000	20.1171875	BEFORE
54.000388	0.000	0.000	19.984375	BEFORE
55.000402	0.000	0.000	20.2421875	BEFORE
56.000366	0.000	0.000	20.078125	BEFORE
57.000359	0.000	0.000	20.1484375	BEFORE
58.000363	0.000	0.000	20.0625	BEFORE
59.000369	0.000	0.000	20.09375	BEFORE
60.000380	0.000	0.000	20.1328125	BEFORE
60.999838	3.011	4.787	20.0625	EXPOSING
62.000375	3.013	4.789	20.09375	EXPOSING
63.000409	3.012	4.789	20.2578125	EXPOSING
64.000364	3.012	4.790	20.2578125	EXPOSING
65.000431	3.012	4.789	20.203125	EXPOSING
66.000393	3.012	4.789	20.375	EXPOSING
67.000365	3.012	4.790	20.3203125	EXPOSING
68.000390	3.013	4.790	20.3515625	EXPOSING
69.000366	3.013	4.790	20.3203125	EXPOSING
70.000431	3.012	4.790	20.3203125	EXPOSING
71.000391	3.013	4.790	20.4453125	EXPOSING
72.000413	3.013	4.790	20.390625	EXPOSING
73.000374	3.013	4.790	20.390625	EXPOSING
74.000363	3.012	4.790	20.296875	EXPOSING
75.000378	3.013	4.790	20.390625	EXPOSING
76.000527	3.013	4.790	20.4296875	EXPOSING
77.000393	3.013	4.791	20.5	EXPOSING
78.000431	3.012	4.790	20.5390625	EXPOSING
79.000387	3.013	4.790	20.40625	EXPOSING
80.000363	3.012	4.790	20.515625	EXPOSING
81.000365	3.013	4.791	20.484375	EXPOSING
82.000374	3.012	4.790	20.4609375	EXPOSING
83.000396	3.012	4.790	20.4453125	EXPOSING
84.000384	3.012	4.789	20.4453125	EXPOSING
85.000390	3.012	4.790	20.609375	EXPOSING
86.000444	3.012	4.791	20.5	EXPOSING
87.000393	3.012	4.790	20.4453125	EXPOSING
88.000365	3.013	4.791	20.6640625	EXPOSING
89.000377	3.012	4.791	20.515625	EXPOSING
90.000497	3.012	4.790	20.484375	EXPOSING
91.000394	3.013	4.790	20.515625	EXPOSING
92.000523	3.012	4.790	20.4609375	EXPOSING
93.000358	3.013	4.791	20.515625	EXPOSING
94.000366	3.013	4.791	20.5546875	EXPOSING
95.000363	3.013	4.791	20.515625	EXPOSING
96.000356	3.011	4.791	20.5	EXPOSING
96.999808	3.012	4.790	20.6640625	EXPOSING
98.000367	3.012	4.790	20.5703125	EXPOSING
99.000546	3.012	4.790	20.609375	EXPOSING
100.000368	3.012	4.790	20.625	EXPOSING
101.000358	3.012	4.790	20.5390625	EXPOSING
102.000378	3.012	4.790	20.5390625	EXPOSING
103.000387	3.012	4.790	20.5703125	EXPOSING
104.000370	3.013	4.791	20.609375	EXPOSING
105.000225	3.012	4.790	20.5703125	EXPOSING
106.000401	3.012	4.791	20.59375	EXPOSING
107.000399	3.012	4.790	20.6796875	EXPOSING
108.000379	3.013	4.791	20.5703125	EXPOSING
109.000388	3.012	4.791	20.609375	EXPOSING
110.000397	3.013	4.790	20.6796875	EXPOSING
111.000391	3.012	4.790	20.5546875	EXPOSING
112.000387	3.012	4.791	20.59375	EXPOSING
113.000460	3.012	4.790	20.59375	EXPOSING
114.000378	3.012	4.790	20.6484375	EXPOSING
115.000401	3.012	4.790	20.609375	EXPOSING
116.000375	3.012	4.790	20.71875	EXPOSING
117.000486	3.012	4.790	20.609375	EXPOSING
118.000402	3.013	4.791	20.609375	EXPOSING
119.000437	3.013	4.791	20.6484375	EXPOSING
120.000361	3.013	4.791	20.609375	EXPOSING
121.000364	3.013	4.791	20.71875	EXPOSING
122.000377	3.013	4.791	20.7421875	EXPOSING
123.000391	3.013	4.791	20.6484375	EXPOSING
124.000405	3.013	4.792	20.6796875	EXPOSING
125.000428	3.013	4.791	20.5703125	EXPOSING
126.000384	3.013	4.791	20.5703125	EXPOSING
127.000373	3.013	4.791	20.6484375	EXPOSING
128.000369	3.012	4.790	20.515625	EXPOSING
129.000383	3.013	4.791	20.6640625	EXPOSING
130.000366	3.012	4.791	20.6484375	EXPOSING
131.000389	3.013	4.791	20.59375	EXPOSING
132.000362	3.013	4.790	20.7421875	EXPOSING
133.000440	3.013	4.790	20.609375	EXPOSING
134.000382	3.013	4.791	20.609375	EXPOSING
135.000371	3.012	4.791	20.6640625	EXPOSING
136.000385	3.012	4.791	20.703125	EXPOSING
137.000371	3.012	4.790	20.515625	EXPOSING
138.000473	3.013	4.790	20.5703125	EXPOSING
139.000366	3.013	4.791	20.5546875	EXPOSING
140.000430	3.013	4.791	20.7578125	EXPOSING
141.000440	3.013	4.791	20.6484375	EXPOSING
142.000377	3.012	4.791	20.6640625	EXPOSING
143.000365	3.013	4.791	20.7421875	EXPOSING
144.000376	3.012	4.791	20.625	EXPOSING
145.000902	3.012	4.790	20.5703125	EXPOSING
146.000458	3.012	4.791	20.703125	EXPOSING
147.000441	3.012	4.791	20.703125	EXPOSING
148.000370	3.013	4.791	20.703125	EXPOSING
149.000363	3.013	4.792	20.609375	EXPOSING
150.000406	3.013	4.791	20.7421875	EXPOSING
151.000742	3.013	4.791	20.703125	EXPOSING
152.000470	3.013	4.791	20.6640625	EXPOSING
153.000438	3.013	4.791	20.6484375	EXPOSING
154.000394	3.013	4.791	20.703125	EXPOSING
155.000367	3.013	4.791	20.703125	EXPOSING
156.000371	3.013	4.792	20.7421875	EXPOSING
157.000372	3.012	4.791	20.6640625	EXPOSING
158.000454	3.013	4.791	20.7421875	EXPOSING
159.000376	3.013	4.792	20.828125	EXPOSING
160.000420	3.014	4.791	20.7421875	EXPOSING
160.999878	0.026	0.002	20.5703125	WAIT
162.000380	0.000	0.000	20.5390625	WAIT
163.000367	0.000	0.000	20.5703125	WAIT
164.000364	0.000	0.000	20.5390625	WAIT
165.000412	0.000	0.000	20.5546875	WAIT
166.000390	0.000	0.000	20.484375	WAIT
167.000377	0.000	0.000	20.5390625	WAIT
168.000373	0.000	0.000	20.5703125	WAIT
169.000370	0.000	0.000	20.5	WAIT
170.000379	0.000	0.000	20.5	WAIT
171.000542	0.000	0.000	20.4296875	WAIT
172.000377	0.000	0.000	20.40625	WAIT
173.000371	0.000	0.000	20.3359375	WAIT
174.000413	0.000	0.000	20.40625	WAIT
175.000399	0.000	0.000	20.390625	WAIT
176.000360	0.000	0.000	20.375	WAIT
177.000366	0.000	0.000	20.515625	WAIT
178.000401	0.000	0.000	20.3515625	WAIT
179.000367	0.000	0.000	20.390625	WAIT
180.000381	0.000	0.000	20.4609375	WAIT
181.000362	0.000	0.000	20.5	WAIT
182.000358	0.000	0.000	20.28125	WAIT
183.000366	0.000	0.000	20.3359375	WAIT
184.000367	0.001	0.000	20.4609375	WAIT
185.000534	0.000	0.000	20.3359375	WAIT
186.000376	0.000	0.000	20.4296875	WAIT
187.000447	0.000	0.000	20.4453125	WAIT
188.000395	0.000	0.000	20.40625	WAIT
189.000406	0.000	0.000	20.3359375	WAIT
190.000402	0.000	0.000	20.3515625	WAIT
191.000368	0.000	0.000	20.4453125	WAIT
192.000369	0.000	0.000	20.375	WAIT
193.000396	0.000	0.000	20.4296875	WAIT
194.000372	0.000	0.000	20.28125	WAIT
195.000392	0.000	0.000	20.3515625	WAIT
196.000371	0.000	0.000	20.3359375	WAIT
197.000356	0.000	0.000	20.375	WAIT
198.000458	0.000	0.000	20.390625	WAIT
199.000407	0.000	0.000	20.390625	WAIT
200.000355	0.000	0.000	20.296875	WAIT
201.000365	0.000	0.000	20.3515625	WAIT
202.000394	0.000	0.000	20.4296875	WAIT
203.000367	0.000	0.000	20.4296875	WAIT
204.000377	0.000	0.000	20.390625	WAIT
205.000372	0.000	0.000	20.3515625	WAIT
206.000398	0.000	0.000	20.296875	WAIT
207.000384	0.000	0.000	20.3515625	WAIT
208.000384	0.000	0.000	20.3359375	WAIT
209.000366	0.000	0.000	20.3359375	WAIT
210.000400	0.000	0.000	20.28125	WAIT
211.000367	0.000	0.000	20.4609375	WAIT
212.000367	0.000	0.000	20.2578125	WAIT
213.000470	0.000	0.000	20.3359375	WAIT
214.000403	0.000	0.000	20.4453125	WAIT
215.000372	0.000	0.000	20.4453125	WAIT
216.000371	0.000	0.000	20.40625	WAIT
217.000379	0.000	0.000	20.4296875	WAIT
218.000370	0.001	0.000	20.296875	WAIT
219.000381	0.000	0.000	20.3359375	WAIT
