#Resonance Frequency: 570500.000 kHz
#Set Current: 3.28 A
Time [s]	Current [A]	Voltage [V]	T0 [degC]	State
0.000027	0.000	0.000	21.765625	BEFORE
0.500184	0.000	0.000	21.765625	BEFORE
1.000140	0.000	0.000	21.8359375	BEFORE
1.500673	0.000	0.000	21.8203125	BEFORE
2.000029	0.000	0.000	21.8359375	BEFORE
2.500179	0.000	0.000	21.875	BEFORE
3.005253	0.000	0.000	21.765625	BEFORE
3.500154	0.000	0.000	21.8203125	BEFORE
4.000018	0.000	0.000	21.8203125	BEFORE
4.500134	0.000	0.000	21.8359375	BEFORE
4.999926	0.000	0.000	21.875	BEFORE
5.505286	0.000	0.000	21.9453125	BEFORE
6.000120	0.000	0.000	21.8359375	BEFORE
6.500152	0.000	0.000	21.875	BEFORE
7.000041	0.000	0.000	21.78125	BEFORE
7.500138	0.000	0.000	21.765625	BEFORE
8.005267	0.000	0.000	21.875	BEFORE
8.500141	0.001	0.000	21.8203125	BEFORE
9.000751	0.000	0.000	21.7421875	BEFORE
9.500126	0.000	0.000	21.78125	BEFORE
9.999988	0.000	0.000	21.9296875	BEFORE
10.500157	0.000	0.000	21.859375	BEFORE
11.000335	0.000	0.000	21.8203125	BEFORE
11.500168	0.000	0.000	21.8203125	BEFORE
12.000004	0.000	0.000	21.8203125	BEFORE
12.500160	0.000	0.000	21.8359375	BEFORE
13.000044	0.000	0.000	21.8203125	BEFORE
13.500152	0.001	0.000	21.8359375	BEFORE
14.000148	0.000	0.000	21.8359375	BEFORE
14.500139	0.000	0.000	21.859375	BEFORE
15.000136	0.000	0.000	21.890625	BEFORE
15.500507	0.000	0.000	21.8359375	BEFORE
15.999995	0.000	0.000	21.796875	BEFORE
16.500180	0.000	0.000	21.796875	BEFORE
17.001000	0.000	0.000	21.7109375	BEFORE
17.500141	0.000	0.000	21.8359375	BEFORE
18.000028	0.000	0.000	21.8203125	BEFORE
18.500209	0.000	0.000	21.78125	BEFORE
18.999974	0.000	0.000	21.7421875	BEFORE
19.500158	0.000	0.000	21.8359375	BEFORE
20.000004	0.000	0.000	21.9453125	BEFORE
20.500141	0.000	0.000	21.859375	BEFORE
20.999952	0.000	0.000	21.875	BEFORE
21.500198	0.000	0.000	21.7421875	BEFORE
21.999974	0.000	0.000	21.7265625	BEFORE
22.500199	0.000	0.000	21.8359375	BEFORE
22.999942	0.000	0.000	21.8359375	BEFORE
23.500252	0.000	0.000	21.796875	BEFORE
24.000040	0.001	0.000	21.78125	BEFORE
24.500144	0.000	0.000	21.765625	BEFORE
25.000028	0.000	0.000	21.9453125	BEFORE
25.500238	0.000	0.000	21.765625	BEFORE
25.999979	0.000	0.000	21.9140625	BEFORE
26.500157	0.000	0.000	21.765625	BEFORE
26.999959	0.000	0.000	21.8359375	BEFORE
27.500150	0.000	0.000	21.671875	BEFORE
28.000150	0.000	0.000	21.78125	BEFORE
28.500265	0.000	0.000	21.8203125	BEFORE
29.000139	0.000	0.000	21.796875	BEFORE
29.500193	0.000	0.000	21.765625	BEFORE
30.004026	0.000	0.000	21.765625	BEFORE
30.500161	0.000	0.000	21.7421875	BEFORE
30.999952	0.000	0.000	21.7421875	BEFORE
31.500191	0.000	0.000	21.7421875	BEFORE
32.004039	0.000	0.000	21.796875	BEFORE
32.500151	0.000	0.000	21.671875	BEFORE
33.000075	0.000	0.000	21.796875	BEFORE
33.500169	0.000	0.000	21.796875	BEFORE
34.000100	0.000	0.000	21.796875	BEFORE
34.505221	0.000	0.000	21.8359375	BEFORE
35.000130	0.000	0.000	21.8359375	BEFORE
35.500207	0.000	0.000	21.765625	BEFORE
36.000144	0.000	0.000	21.9296875	BEFORE
36.500173	0.000	0.000	21.7421875	BEFORE
37.005226	0.001	0.000	21.6328125	BEFORE
37.500200	0.000	0.000	21.8203125	BEFORE
37.999929	0.000	0.000	21.7265625	BEFORE
38.500127	0.000	0.000	21.7265625	BEFORE
38.999965	0.000	0.000	21.7265625	BEFORE
39.505278	0.000	0.000	21.765625	BEFORE
39.999954	0.000	0.000	21.8203125	BEFORE
40.500159	0.000	0.000	21.7109375	BEFORE
41.000128	0.000	0.000	21.7421875	BEFORE
41.500196	0.000	0.000	21.8203125	BEFORE
42.000125	0.000	0.000	21.8203125	BEFORE
42.500187	0.000	0.000	21.796875	BEFORE
43.500237	0.000	0.000	21.671875	BEFORE
44.005322	0.000	0.000	21.6953125	BEFORE
44.500129	0.000	0.000	21.7265625	BEFORE
44.999961	0.000	0.000	21.8203125	BEFORE
45.500144	0.000	0.000	21.6953125	BEFORE
45.999915	0.000	0.000	21.7421875	BEFORE
46.500913	0.000	0.000	21.6953125	BEFORE
46.999955	0.000	0.000	21.671875	BEFORE
47.500151	0.000	0.000	21.859375	BEFORE
48.000035	0.000	0.000	21.6953125	BEFORE
48.500171	0.000	0.000	21.578125	BEFORE
48.999970	0.000	0.000	21.796875	BEFORE
49.500200	0.000	0.000	21.765625	BEFORE
50.002840	0.000	0.000	21.671875	BEFORE
50.500227	0.000	0.000	21.671875	BEFORE
50.999985	0.000	0.000	21.7265625	BEFORE
51.500169	0.000	0.000	21.65625	BEFORE
52.000048	0.000	0.000	21.765625	BEFORE
52.500165	0.000	0.000	21.8203125	BEFORE
53.000006	0.000	0.000	21.7265625	BEFORE
53.500318	0.000	0.000	21.7265625	BEFORE
53.999938	0.000	0.000	21.7109375	BEFORE
54.500166	0.000	0.000	21.796875	BEFORE
55.000066	0.000	0.000	21.6015625	BEFORE
55.500185	0.000	0.000	21.6953125	BEFORE
55.999929	0.000	0.000	21.765625	BEFORE
56.500169	0.000	0.000	21.671875	BEFORE
57.000070	0.000	0.000	21.6328125	BEFORE
57.500205	0.000	0.000	21.7109375	BEFORE
57.999994	0.000	0.000	21.65625	BEFORE
58.500167	0.000	0.000	21.671875	BEFORE
59.005124	0.000	0.000	21.6171875	BEFORE
59.500158	0.000	0.000	21.546875	BEFORE
60.000001	0.000	0.000	21.6328125	BEFORE
61.000211	3.272	6.870	21.6328125	EXPOSING
61.501722	3.273	6.872	22.1640625	EXPOSING
61.999914	3.273	6.872	22.3359375	EXPOSING
62.500234	3.272	6.873	22.296875	EXPOSING
63.000035	3.272	6.873	22.4453125	EXPOSING
63.500172	3.273	6.873	22.53125	EXPOSING
63.999985	3.272	6.873	22.5703125	EXPOSING
64.500211	3.273	6.873	22.53125	EXPOSING
64.999884	3.273	6.873	22.6640625	EXPOSING
65.500162	3.272	6.874	22.8046875	EXPOSING
65.999983	3.273	6.874	22.75	EXPOSING
66.500141	3.273	6.873	22.75	EXPOSING
66.999890	3.273	6.873	22.8828125	EXPOSING
67.502518	3.273	6.874	22.828125	EXPOSING
67.999991	3.273	6.873	22.84375	EXPOSING
68.500348	3.272	6.873	22.828125	EXPOSING
69.000028	3.273	6.874	22.828125	EXPOSING
69.500138	3.273	6.874	22.8046875	EXPOSING
69.999976	3.272	6.874	22.8828125	EXPOSING
70.500213	3.273	6.875	22.953125	EXPOSING
70.999931	3.273	6.874	22.9375	EXPOSING
71.500192	3.273	6.874	22.953125	EXPOSING
72.000029	3.273	6.875	22.7890625	EXPOSING
72.500220	3.273	6.874	22.953125	EXPOSING
73.000055	3.273	6.874	22.8828125	EXPOSING
73.500209	3.272	6.874	23.0234375	EXPOSING
74.000028	3.273	6.875	22.9375	EXPOSING
74.500155	3.273	6.875	22.953125	EXPOSING
74.999957	3.273	6.875	22.9921875	EXPOSING
75.500150	3.273	6.875	22.953125	EXPOSING
76.000148	3.272	6.874	23.078125	EXPOSING
76.500212	3.273	6.875	23.0078125	EXPOSING
77.000206	3.273	6.875	23.078125	EXPOSING
77.500150	3.273	6.874	23.140625	EXPOSING
77.999972	3.273	6.875	23.15625	EXPOSING
78.500204	3.273	6.875	23.0234375	EXPOSING
78.999974	3.272	6.875	23.078125	EXPOSING
79.500164	3.273	6.875	23.0078125	EXPOSING
80.500295	3.272	6.875	23.046875	EXPOSING
80.999990	3.273	6.874	23.140625	EXPOSING
81.500155	3.273	6.875	23.15625	EXPOSING
81.999956	3.273	6.876	23.0078125	EXPOSING
82.500156	3.273	6.876	23.1171875	EXPOSING
83.000137	3.274	6.876	23.1171875	EXPOSING
83.500219	3.273	6.875	23.171875	EXPOSING
84.001726	3.273	6.875	23.265625	EXPOSING
84.500179	3.273	6.875	23.2109375	EXPOSING
85.000108	3.273	6.875	23.15625	EXPOSING
85.500184	3.273	6.876	23.078125	EXPOSING
86.003674	3.273	6.876	23.2265625	EXPOSING
86.500192	3.273	6.876	23.140625	EXPOSING
87.000018	3.273	6.875	23.2265625	EXPOSING
87.500213	3.273	6.877	23.171875	EXPOSING
88.000045	3.273	6.876	23.1953125	EXPOSING
88.500151	3.273	6.876	23.1015625	EXPOSING
88.999961	3.273	6.876	23.078125	EXPOSING
89.500167	3.273	6.876	23.25	EXPOSING
90.001373	3.273	6.875	23.2265625	EXPOSING
90.500222	3.273	6.875	23.1015625	EXPOSING
90.999967	3.273	6.875	23.2265625	EXPOSING
91.500143	3.272	6.875	23.2265625	EXPOSING
92.005941	3.273	6.876	23.28125	EXPOSING
92.500128	3.272	6.876	23.3203125	EXPOSING
93.009619	3.273	6.876	23.2109375	EXPOSING
93.500129	3.273	6.876	23.25	EXPOSING
94.000040	3.273	6.875	23.25	EXPOSING
94.500182	3.273	6.875	23.28125	EXPOSING
95.000565	3.272	6.876	23.2265625	EXPOSING
95.500216	3.273	6.877	23.171875	EXPOSING
96.000033	3.273	6.876	23.2265625	EXPOSING
96.500145	3.273	6.876	23.2265625	EXPOSING
96.999920	3.273	6.876	23.28125	EXPOSING
97.500133	3.272	6.876	23.25	EXPOSING
98.000134	3.272	6.876	23.28125	EXPOSING
98.500178	3.273	6.876	23.3203125	EXPOSING
99.000479	3.273	6.876	23.3359375	EXPOSING
99.500191	3.273	6.876	23.3359375	EXPOSING
100.000035	3.272	6.876	23.28125	EXPOSING
100.500197	3.273	6.876	23.265625	EXPOSING
101.001762	3.273	6.876	23.3359375	EXPOSING
101.500164	3.272	6.876	23.28125	EXPOSING
102.000061	3.273	6.876	23.1015625	EXPOSING
102.500156	3.273	6.877	23.3359375	EXPOSING
103.001883	3.273	6.877	23.3359375	EXPOSING
103.500078	3.273	6.875	23.265625	EXPOSING
104.003869	3.274	6.876	23.390625	EXPOSING
104.500210	3.273	6.876	23.390625	EXPOSING
105.000133	3.273	6.875	23.25	EXPOSING
105.500186	3.274	6.875	23.28125	EXPOSING
106.000203	3.273	6.876	23.3203125	EXPOSING
106.500181	3.273	6.876	23.375	EXPOSING
107.000041	3.273	6.875	23.2265625	EXPOSING
107.500165	3.273	6.876	23.25	EXPOSING
107.999976	3.273	6.876	23.2265625	EXPOSING
108.500184	3.273	6.876	23.4140625	EXPOSING
109.000055	3.273	6.877	23.390625	EXPOSING
109.500157	3.273	6.877	23.390625	EXPOSING
109.999956	3.273	6.876	23.3203125	EXPOSING
110.500166	3.272	6.876	23.2109375	EXPOSING
111.000064	3.273	6.876	23.28125	EXPOSING
111.500175	3.274	6.876	23.3359375	EXPOSING
112.002166	3.273	6.877	23.390625	EXPOSING
112.500165	3.273	6.877	23.3046875	EXPOSING
113.000901	3.273	6.877	23.3359375	EXPOSING
113.500162	3.273	6.877	23.390625	EXPOSING
114.000084	3.273	6.877	23.375	EXPOSING
114.500245	3.273	6.877	23.375	EXPOSING
115.000049	3.273	6.877	23.359375	EXPOSING
115.500148	3.273	6.876	23.28125	EXPOSING
116.000055	3.273	6.877	23.4296875	EXPOSING
116.500164	3.274	6.877	23.4453125	EXPOSING
117.000132	3.273	6.877	23.28125	EXPOSING
117.500394	3.273	6.877	23.390625	EXPOSING
118.000146	3.273	6.877	23.359375	EXPOSING
118.500273	3.273	6.876	23.375	EXPOSING
119.000183	3.273	6.877	23.359375	EXPOSING
119.500144	3.273	6.877	23.3359375	EXPOSING
120.000059	3.273	6.877	23.3203125	EXPOSING
121.000199	0.076	0.003	23.3359375	WAIT
121.500203	0.000	0.000	22.953125	WAIT
122.000013	0.001	0.000	22.8828125	WAIT
122.500157	0.000	0.000	22.6796875	WAIT
123.000081	0.000	0.000	22.5546875	WAIT
123.500124	0.000	0.000	22.5	WAIT
124.000218	0.000	0.000	22.296875	WAIT
124.500144	0.000	0.000	22.4765625	WAIT
125.000042	0.000	0.000	22.421875	WAIT
125.500121	0.000	0.000	22.40625	WAIT
126.004099	0.000	0.000	22.2578125	WAIT
126.500160	0.000	0.000	22.3515625	WAIT
127.000056	0.000	0.000	22.21875	WAIT
127.500206	0.000	0.000	22.1484375	WAIT
128.007006	0.000	0.000	22.2734375	WAIT
128.500149	0.000	0.000	22.21875	WAIT
129.000054	0.000	0.000	22.1328125	WAIT
129.500147	0.001	0.000	22.203125	WAIT
130.000057	0.000	0.000	22.078125	WAIT
130.500292	0.000	0.000	22.21875	WAIT
131.000041	0.000	0.000	22.0390625	WAIT
131.500196	0.001	0.000	22.109375	WAIT
132.000055	0.001	0.000	22.1328125	WAIT
132.500171	0.001	0.000	22.0390625	WAIT
133.000021	0.000	0.000	22.1328125	WAIT
133.500166	0.000	0.000	22.109375	WAIT
134.008093	0.000	0.000	22.09375	WAIT
134.500160	0.000	0.000	22.109375	WAIT
135.000065	0.001	0.000	22.0546875	WAIT
135.500146	0.000	0.000	22.0	WAIT
136.000118	0.000	0.000	21.984375	WAIT
136.500162	0.000	0.000	21.984375	WAIT
137.000205	0.000	0.000	21.984375	WAIT
137.500297	0.000	0.000	22.109375	WAIT
137.999974	0.000	0.000	21.859375	WAIT
138.500247	0.000	0.000	22.0234375	WAIT
139.010540	0.001	0.000	22.0	WAIT
139.500159	0.000	0.000	22.0390625	WAIT
140.006262	0.000	0.000	21.9296875	WAIT
140.500157	0.000	0.000	21.9296875	WAIT
141.002604	0.001	0.000	21.9296875	WAIT
141.500149	0.000	0.000	21.9296875	WAIT
142.000095	0.000	0.000	22.0	WAIT
142.500196	0.001	0.000	22.0390625	WAIT
143.001342	0.000	0.000	21.8359375	WAIT
143.500145	0.000	0.000	22.0	WAIT
144.000142	0.000	0.000	21.9296875	WAIT
144.500222	0.000	0.000	21.859375	WAIT
145.000077	0.000	0.000	21.8359375	WAIT
145.501941	0.000	0.000	21.9140625	WAIT
146.000066	0.000	0.000	21.859375	WAIT
146.500219	0.001	0.000	21.859375	WAIT
147.004146	0.001	0.000	21.796875	WAIT
147.500144	0.000	0.000	21.8203125	WAIT
148.006461	0.000	0.000	21.875	WAIT
148.500150	0.000	0.000	21.984375	WAIT
149.000127	0.001	0.000	21.7109375	WAIT
149.500196	0.001	0.000	21.8203125	WAIT
150.000131	0.000	0.000	21.875	WAIT
150.503468	0.001	0.000	21.8359375	WAIT
151.000059	0.001	0.000	21.78125	WAIT
151.500156	0.001	0.000	21.765625	WAIT
152.000345	0.001	0.000	21.984375	WAIT
152.500163	0.001	0.000	21.875	WAIT
153.000057	0.000	0.000	21.9140625	WAIT
153.500170	0.001	0.000	21.9140625	WAIT
153.999989	0.001	0.000	21.765625	WAIT
154.500207	0.001	0.000	21.796875	WAIT
155.000853	0.000	0.000	21.796875	WAIT
155.500193	0.001	0.000	21.7265625	WAIT
156.000214	0.001	0.000	21.8203125	WAIT
156.500178	0.000	0.000	21.7421875	WAIT
157.008567	0.000	0.000	21.796875	WAIT
157.500154	0.000	0.000	21.765625	WAIT
158.003325	0.001	0.000	21.7109375	WAIT
158.500193	0.000	0.000	21.765625	WAIT
159.000076	0.001	0.000	21.6953125	WAIT
159.500151	0.001	0.000	21.6953125	WAIT
160.000069	0.000	0.000	21.796875	WAIT
160.505278	0.000	0.000	21.6953125	WAIT
161.000085	0.000	0.000	21.8359375	WAIT
161.500164	0.000	0.000	21.8203125	WAIT
162.000085	0.000	0.000	21.8359375	WAIT
162.500230	0.000	0.000	21.671875	WAIT
163.000218	0.000	0.000	21.7265625	WAIT
163.505331	0.001	0.000	21.6015625	WAIT
164.000063	0.000	0.000	21.671875	WAIT
164.500201	0.000	0.000	21.7421875	WAIT
165.001586	0.001	0.000	21.7265625	WAIT
165.500210	0.000	0.000	21.7421875	WAIT
166.000073	0.001	0.000	21.7421875	WAIT
166.500160	0.001	0.000	21.6328125	WAIT
167.003699	0.000	0.000	21.8359375	WAIT
167.500147	0.001	0.000	21.6328125	WAIT
168.066134	0.000	0.000	21.8203125	WAIT
168.500060	0.000	0.000	21.765625	WAIT
169.000130	0.000	0.000	21.7265625	WAIT
169.500188	0.000	0.000	21.7109375	WAIT
170.000136	0.001	0	21.765625	WAIT
