#Resonance Frequency: 923000.000 kHz
#Set Current: 11.01 A
Time [s]	Current [A]	Voltage [V]	T0 [degC]	State
0.000018	0.000	0.000	21.234375	BEFORE
0.500329	0.000	0.000	21.4140625	BEFORE
1.014788	0.001	0.000	21.34375	BEFORE
1.500264	0.001	0.000	21.3046875	BEFORE
2.005479	0.001	0.000	21.4140625	BEFORE
2.500319	0.000	0.000	21.3984375	BEFORE
3.001941	0.001	0.000	21.3984375	BEFORE
3.500326	0.001	0.000	21.34375	BEFORE
4.005442	0.001	0.000	21.2890625	BEFORE
4.500398	0.000	0.000	21.453125	BEFORE
5.005520	0.000	0.000	21.4375	BEFORE
5.500326	0.001	0.000	21.3203125	BEFORE
6.001067	0.001	0.000	21.3046875	BEFORE
6.500314	0.000	0.000	21.4375	BEFORE
7.005484	0.000	0.000	21.3046875	BEFORE
7.500344	0.001	0.000	21.3828125	BEFORE
8.005479	0.000	0.000	21.3984375	BEFORE
8.500285	0.000	0.000	21.4140625	BEFORE
9.005498	0.000	0.000	21.2890625	BEFORE
9.500287	0.001	0.000	21.359375	BEFORE
10.002282	0.001	0.000	21.34375	BEFORE
10.500288	0.001	0.000	21.3203125	BEFORE
11.005490	0.001	0.000	21.3828125	BEFORE
11.500328	0.001	0.000	21.4140625	BEFORE
12.005496	0.000	0.000	21.34375	BEFORE
12.500318	0.000	0.000	21.3984375	BEFORE
13.004362	0.001	0.000	21.34375	BEFORE
13.500273	0.001	0.000	21.3828125	BEFORE
14.005509	0.001	0.000	21.3828125	BEFORE
14.500286	0.001	0.000	21.4921875	BEFORE
15.002353	0.001	0.000	21.34375	BEFORE
15.500354	0.000	0.000	21.34375	BEFORE
16.005422	0.000	0.000	21.3046875	BEFORE
16.500337	0.001	0.000	21.3046875	BEFORE
17.005503	0.001	0.000	21.3046875	BEFORE
17.500288	0.000	0.000	21.453125	BEFORE
18.001012	0.001	0.000	21.34375	BEFORE
18.500278	0.001	0.000	21.3828125	BEFORE
19.005464	0.001	0.000	21.359375	BEFORE
19.500279	0.000	0.000	21.2734375	BEFORE
20.005457	0.000	0.000	21.3984375	BEFORE
20.500291	0.001	0.000	21.3046875	BEFORE
21.007092	0.001	0.000	21.21875	BEFORE
21.500261	0.001	0.000	21.3046875	BEFORE
22.005493	0.000	0.000	21.3203125	BEFORE
22.500295	0.001	0.000	21.3984375	BEFORE
23.005493	0.001	0.000	21.34375	BEFORE
23.500310	0.001	0.000	21.3046875	BEFORE
24.001515	0.001	0.000	21.234375	BEFORE
24.500375	0.001	0.000	21.34375	BEFORE
25.005468	0.000	0.000	21.34375	BEFORE
25.500385	0.001	0.000	21.3984375	BEFORE
26.005315	0.000	0.000	21.3984375	BEFORE
26.500137	0.001	0.000	21.3203125	BEFORE
27.004434	0.001	0.000	21.3984375	BEFORE
27.500326	0.001	0.000	21.4375	BEFORE
28.005438	0.001	0.000	21.453125	BEFORE
28.500343	0.001	0.000	21.3046875	BEFORE
29.005488	0.001	0.000	21.359375	BEFORE
29.500329	0.001	0.000	21.3203125	BEFORE
30.003079	0.001	0.000	21.34375	BEFORE
30.500283	0.000	0.000	21.3046875	BEFORE
31.005464	0.001	0.000	21.3984375	BEFORE
31.500328	0.001	0.000	21.34375	BEFORE
32.000913	0.001	0.000	21.4140625	BEFORE
32.500291	0.000	0.000	21.34375	BEFORE
33.005489	0.001	0.000	21.3984375	BEFORE
33.500306	0.001	0.000	21.34375	BEFORE
34.002847	0.000	0.000	21.3203125	BEFORE
34.500308	0.001	0.000	21.3046875	BEFORE
35.005484	0.001	0.000	21.4375	BEFORE
35.500324	0.000	0.000	21.140625	BEFORE
36.005472	0.000	0.000	21.359375	BEFORE
36.500278	0.001	0.000	21.3203125	BEFORE
37.001965	0.001	0.000	21.4140625	BEFORE
37.500296	0.001	0.000	21.46875	BEFORE
38.005480	0.001	0.000	21.4375	BEFORE
38.500314	0.000	0.000	21.2890625	BEFORE
39.008825	0.000	0.000	21.34375	BEFORE
39.500260	0.000	0.000	21.3984375	BEFORE
40.005465	0.000	0.000	21.34375	BEFORE
40.500288	0.001	0.000	21.3203125	BEFORE
41.003040	0.000	0.000	21.3984375	BEFORE
41.500299	0.001	0.000	21.3203125	BEFORE
42.005455	0.000	0.000	21.3203125	BEFORE
42.500334	0.000	0.000	21.359375	BEFORE
43.002763	0.000	0.000	21.34375	BEFORE
43.500406	0.000	0.000	21.34375	BEFORE
44.005476	0.000	0.000	21.234375	BEFORE
44.500380	0.000	0.000	21.4140625	BEFORE
45.003735	0.001	0.000	21.3828125	BEFORE
45.500296	0.001	0.000	21.3046875	BEFORE
46.001387	0.001	0.000	21.3984375	BEFORE
46.500276	0.001	0.000	21.4375	BEFORE
47.005454	0.000	0.000	21.3828125	BEFORE
47.500300	0.001	0.000	21.25	BEFORE
48.004750	0.001	0.000	21.2734375	BEFORE
48.500299	0.001	0.000	21.234375	BEFORE
49.005465	0.001	0.000	21.234375	BEFORE
49.500309	0.000	0.000	21.3046875	BEFORE
50.005485	0.001	0.000	21.2734375	BEFORE
50.500276	0.001	0.000	21.3046875	BEFORE
51.005021	0.001	0.000	21.25	BEFORE
51.500276	0.000	0.000	21.2890625	BEFORE
52.005456	0.001	0.000	21.2890625	BEFORE
52.500289	0.000	0.000	21.3203125	BEFORE
53.014847	0.001	0.000	21.2890625	BEFORE
53.500257	0.001	0.000	21.3984375	BEFORE
54.005464	0.000	0.000	21.3046875	BEFORE
54.500280	0.001	0.000	21.2734375	BEFORE
55.004667	0.000	0.000	21.34375	BEFORE
55.500306	0.001	0.000	21.34375	BEFORE
56.005594	0.000	0.000	21.3203125	BEFORE
56.500312	0.000	0.000	21.2734375	BEFORE
57.005528	0.001	0.000	21.4140625	BEFORE
57.500312	0.001	0.000	21.3203125	BEFORE
58.004448	0.000	0.000	21.3046875	BEFORE
58.500318	0.001	0.000	21.34375	BEFORE
59.000639	0.000	0.000	21.34375	BEFORE
59.500302	0.001	0.000	21.46875	BEFORE
60.003402	0.001	0.000	21.3046875	BEFORE
61.005563	11.002	30.304	21.359375	EXPOSING
61.500291	11.003	30.338	25.4765625	EXPOSING
62.000331	11.004	30.363	26.3671875	EXPOSING
62.500331	11.003	30.390	27.0625	EXPOSING
63.005537	11.003	30.421	27.4609375	EXPOSING
63.500307	11.004	30.449	27.53125	EXPOSING
64.003142	11.004	30.478	27.734375	EXPOSING
64.500319	11.003	30.505	27.84375	EXPOSING
65.005515	11.004	30.525	27.875	EXPOSING
65.500352	11.004	30.548	27.8984375	EXPOSING
66.002344	11.003	30.574	28.0234375	EXPOSING
66.500315	11.003	30.600	27.96875	EXPOSING
67.004792	11.004	30.627	28.0078125	EXPOSING
67.500386	11.003	30.654	28.0625	EXPOSING
68.005501	11.004	30.678	28.1484375	EXPOSING
68.500319	11.003	30.695	28.0078125	EXPOSING
69.005517	11.003	30.719	28.078125	EXPOSING
69.500323	11.004	30.740	28.1484375	EXPOSING
70.000560	11.004	30.764	28.171875	EXPOSING
70.500282	11.004	30.786	28.1171875	EXPOSING
71.005442	11.005	30.803	28.2265625	EXPOSING
71.500313	11.004	30.820	28.2734375	EXPOSING
72.005465	11.003	30.842	28.2421875	EXPOSING
72.500278	11.004	30.854	28.2734375	EXPOSING
73.001619	11.004	30.877	28.4609375	EXPOSING
73.500389	11.003	30.898	28.3125	EXPOSING
74.005461	11.003	30.913	28.40625	EXPOSING
74.500347	11.005	30.932	28.4453125	EXPOSING
75.004304	11.004	30.943	28.296875	EXPOSING
75.500359	11.003	30.960	28.3671875	EXPOSING
76.000512	11.003	30.973	28.40625	EXPOSING
76.500289	11.004	30.991	28.4453125	EXPOSING
77.005481	11.004	31.006	28.40625	EXPOSING
77.500371	11.005	31.019	28.53125	EXPOSING
78.007375	11.004	31.028	28.4765625	EXPOSING
78.500292	11.003	31.044	28.5546875	EXPOSING
79.005462	11.003	31.055	28.5546875	EXPOSING
79.500303	11.004	31.066	28.53125	EXPOSING
80.005278	11.004	31.076	28.5859375	EXPOSING
80.500284	11.004	31.088	28.53125	EXPOSING
81.005458	11.003	31.098	28.5859375	EXPOSING
81.500337	11.004	31.107	28.5859375	EXPOSING
82.005482	11.003	31.116	28.6015625	EXPOSING
82.500354	11.003	31.124	28.5859375	EXPOSING
83.004492	11.003	31.131	28.7890625	EXPOSING
83.500282	11.004	31.141	28.640625	EXPOSING
84.005496	11.004	31.150	28.5703125	EXPOSING
84.500378	11.003	31.160	28.625	EXPOSING
85.001090	11.003	31.166	28.65625	EXPOSING
85.500299	11.004	31.177	28.640625	EXPOSING
86.005446	11.004	31.182	28.75	EXPOSING
86.500303	11.004	31.191	28.640625	EXPOSING
87.007419	11.004	31.195	28.734375	EXPOSING
87.500309	11.004	31.202	28.7109375	EXPOSING
88.005515	11.004	31.208	28.6953125	EXPOSING
88.500286	11.004	31.216	28.875	EXPOSING
89.005483	11.004	31.221	28.6953125	EXPOSING
89.500283	11.002	31.227	28.8203125	EXPOSING
90.001271	11.004	31.235	28.7890625	EXPOSING
90.500320	11.004	31.243	28.7109375	EXPOSING
91.000694	11.004	31.249	28.7890625	EXPOSING
91.500316	11.003	31.252	28.859375	EXPOSING
92.005492	11.004	31.259	28.734375	EXPOSING
92.500309	11.004	31.263	28.7890625	EXPOSING
93.005011	11.004	31.266	28.859375	EXPOSING
93.500389	11.004	31.272	28.8984375	EXPOSING
94.005504	11.004	31.279	28.8203125	EXPOSING
94.500394	11.004	31.286	28.9453125	EXPOSING
95.161513	11.004	31.295	28.9140625	EXPOSING
95.500129	11.004	31.300	28.9296875	EXPOSING
96.005085	11.004	31.303	28.9296875	EXPOSING
96.500307	11.004	31.307	28.96875	EXPOSING
97.005558	11.004	31.314	28.9296875	EXPOSING
97.500357	11.004	31.315	28.9453125	EXPOSING
98.005478	11.004	31.318	28.859375	EXPOSING
98.500323	11.004	31.323	28.984375	EXPOSING
99.004282	11.004	31.327	28.8984375	EXPOSING
99.500299	11.003	31.330	29.0078125	EXPOSING
100.002317	11.004	31.335	29.0078125	EXPOSING
100.500303	11.005	31.338	29.0390625	EXPOSING
101.005487	11.004	31.341	29.0234375	EXPOSING
101.500300	11.003	31.345	28.9140625	EXPOSING
102.004795	11.004	31.344	29.078125	EXPOSING
102.500288	11.004	31.351	29.0234375	EXPOSING
103.005465	11.004	31.352	29.078125	EXPOSING
103.500334	11.004	31.354	28.9453125	EXPOSING
104.004343	11.004	31.357	29.0625	EXPOSING
104.500305	11.004	31.362	29.0390625	EXPOSING
105.005510	11.004	31.366	29.171875	EXPOSING
105.500329	11.004	31.367	29.078125	EXPOSING
106.005476	11.004	31.368	29.0625	EXPOSING
106.500303	11.004	31.373	29.0078125	EXPOSING
107.002892	11.003	31.373	29.1484375	EXPOSING
107.500311	11.004	31.374	29.0078125	EXPOSING
108.001840	11.004	31.378	29.0625	EXPOSING
108.500338	11.004	31.380	29.078125	EXPOSING
109.001852	11.004	31.379	29.171875	EXPOSING
109.500338	11.004	31.380	29.1171875	EXPOSING
110.005464	11.004	31.386	29.0625	EXPOSING
110.500311	11.003	31.387	29.09375	EXPOSING
111.002703	11.004	31.391	29.1484375	EXPOSING
111.500285	11.005	31.393	29.203125	EXPOSING
112.005429	11.004	31.397	29.2421875	EXPOSING
112.500340	11.003	31.399	29.1875	EXPOSING
113.002161	11.004	31.398	29.2265625	EXPOSING
113.500445	11.005	31.400	29.203125	EXPOSING
114.005449	11.004	31.404	29.2421875	EXPOSING
114.500326	11.004	31.409	29.2734375	EXPOSING
115.001960	11.004	31.411	29.2578125	EXPOSING
115.500340	11.004	31.412	29.2734375	EXPOSING
116.005530	11.003	31.414	29.296875	EXPOSING
116.500336	11.004	31.419	29.2421875	EXPOSING
117.004019	11.004	31.420	29.2734375	EXPOSING
117.500316	11.004	31.423	29.3515625	EXPOSING
118.004536	11.004	31.425	29.2578125	EXPOSING
118.500283	11.004	31.428	29.203125	EXPOSING
119.005445	11.004	31.432	29.296875	EXPOSING
119.500326	11.004	31.434	29.2578125	EXPOSING
120.001215	11.004	31.435	29.328125	EXPOSING
121.005553	0.000	0.000	28.1875	WAIT
121.500376	0.001	0.000	24.015625	WAIT
122.005958	0.001	0.000	23.4140625	WAIT
122.500321	0.002	0.000	22.734375	WAIT
123.005484	0.001	0.000	22.6640625	WAIT
123.500345	0.001	0.000	22.4609375	WAIT
124.000952	0.001	0.000	22.5	WAIT
124.500348	0.001	0.000	22.2734375	WAIT
125.002326	0.001	0.000	22.3671875	WAIT
125.500333	0.001	0.000	22.3359375	WAIT
126.005477	0.001	0.000	22.3125	WAIT
126.500286	0.000	0.000	22.3125	WAIT
127.004591	0.001	0.000	22.3125	WAIT
127.500316	0.000	0.000	22.21875	WAIT
128.005468	0.001	0.000	22.2734375	WAIT
128.500513	0.000	0.000	22.2734375	WAIT
129.002953	0.001	0.000	22.1640625	WAIT
129.500326	0.001	0.000	22.2734375	WAIT
130.005543	0.001	0.000	22.1484375	WAIT
130.500304	0.001	0.000	22.2421875	WAIT
131.004598	0.000	0.000	22.21875	WAIT
131.500302	0.001	0.000	22.2734375	WAIT
132.005501	0.001	0.000	22.1328125	WAIT
132.500293	0.001	0.000	22.2578125	WAIT
133.005500	0.001	0.000	22.1640625	WAIT
133.500298	0.001	0.000	22.203125	WAIT
134.003035	0.000	0.000	22.2734375	WAIT
134.500332	0.001	0.000	22.2421875	WAIT
135.005502	0.001	0.000	22.2734375	WAIT
135.500326	0.001	0.000	22.078125	WAIT
136.005458	0.001	0.000	22.1328125	WAIT
136.500367	0.000	0.000	22.2578125	WAIT
137.001121	0.001	0.000	22.09375	WAIT
137.500364	0.000	0.000	22.109375	WAIT
138.003901	0.001	0.000	22.296875	WAIT
138.500361	0.001	0.000	22.1875	WAIT
139.002880	0.001	0.000	22.0546875	WAIT
139.500284	0.001	0.000	22.1875	WAIT
140.005481	0.001	0.000	22.0390625	WAIT
140.500343	0.001	0.000	22.1484375	WAIT
141.000609	0.001	0.000	22.1640625	WAIT
141.500319	0.000	0.000	22.3359375	WAIT
142.005473	0.001	0.000	22.1484375	WAIT
142.500331	0.001	0.000	22.0234375	WAIT
143.005458	0.001	0.000	22.203125	WAIT
143.500317	0.001	0.000	22.1328125	WAIT
144.004722	0.001	0.000	22.21875	WAIT
144.500369	0.001	0.000	22.1328125	WAIT
145.000416	0.001	0.000	22.078125	WAIT
145.500306	0.001	0.000	22.1875	WAIT
146.005454	0.001	0.000	22.1484375	WAIT
146.500294	0.000	0.000	22.1875	WAIT
147.000542	0.001	0.000	22.2421875	WAIT
147.500315	0.000	0.000	22.078125	WAIT
148.005476	0.001	0.000	22.0546875	WAIT
148.500305	0.001	0.000	22.1875	WAIT
149.000596	0.000	0.000	22.0546875	WAIT
149.500313	0.001	0.000	22.1875	WAIT
150.005478	0.001	0.000	22.0546875	WAIT
150.500722	0.001	0.000	22.2421875	WAIT
151.005483	0.001	0.000	22.109375	WAIT
151.500360	0.001	0.000	22.1328125	WAIT
152.008185	0.001	0.000	22.21875	WAIT
152.500305	0.000	0.000	22.1640625	WAIT
153.003242	0.000	0.000	22.1328125	WAIT
153.500323	0.000	0.000	22.203125	WAIT
154.003226	0.000	0.000	22.109375	WAIT
154.500266	0.001	0.000	22.1328125	WAIT
155.005495	0.001	0.000	22.21875	WAIT
155.500286	0.001	0.000	22.1640625	WAIT
156.001835	0.001	0.000	22.109375	WAIT
156.500383	0.001	0.000	22.09375	WAIT
157.005515	0.000	0.000	22.09375	WAIT
157.500365	0.000	0.000	22.1484375	WAIT
158.005424	0.000	0.000	22.21875	WAIT
158.500333	0.000	0.000	22.1640625	WAIT
159.003246	0.000	0.000	22.078125	WAIT
159.500379	0.001	0.000	22.09375	WAIT
160.002861	0.000	0.000	22.21875	WAIT
160.500332	0.001	0.000	22.078125	WAIT
161.108708	0.000	0.000	22.2421875	WAIT
161.500145	0.000	0.000	22.109375	WAIT
162.002294	0.000	0.000	22.203125	WAIT
162.500313	0.001	0.000	22.09375	WAIT
163.005500	0.001	0.000	22.0390625	WAIT
163.500318	0.000	0.000	22.078125	WAIT
164.005492	0.001	0.000	22.21875	WAIT
164.500365	0.001	0.000	22.1640625	WAIT
165.009961	0.000	0.000	22.0546875	WAIT
165.500355	0.000	0.000	22.1484375	WAIT
166.000557	0.000	0.000	22.2421875	WAIT
166.500371	0.000	0.000	22.203125	WAIT
167.008537	0.001	0.000	22.0546875	WAIT
167.500282	0.001	0.000	22.1328125	WAIT
168.005432	0.001	0.000	22.109375	WAIT
168.500319	0.000	0.000	22.109375	WAIT
169.001750	0.001	0.000	22.078125	WAIT
169.500296	0.001	0.000	22.1640625	WAIT
170.005479	0.001	0.000	22.21875	WAIT
170.500346	0.000	0.000	22.078125	WAIT
171.005451	0.001	0.000	22.109375	WAIT
171.500401	0.001	0.000	22.0390625	WAIT
172.002829	0.001	0.000	22.1640625	WAIT
172.500355	0.000	0.000	22.203125	WAIT
173.001583	0.001	0.000	22.1640625	WAIT
173.500285	0.000	0.000	22.078125	WAIT
174.000790	0.001	0.000	22.203125	WAIT
174.500292	0.001	0.000	22.1484375	WAIT
175.005462	0.000	0.000	22.1328125	WAIT
175.500314	0.001	0.000	22.1484375	WAIT
176.004711	0.001	0.000	22.109375	WAIT
176.500297	0.001	0.000	22.1640625	WAIT
177.005487	0.001	0.000	22.203125	WAIT
177.500310	0.001	0.000	22.109375	WAIT
178.001019	0.000	0.000	22.1640625	WAIT
178.500363	0.001	0.000	22.078125	WAIT
179.005471	0.000	0.000	22.1875	WAIT
179.500320	0.000	0.000	22.0390625	WAIT
180.005497	0.001	0.000	22.109375	WAIT
180.500337	0.001	0.000	22.0390625	WAIT
181.000945	0.001	0.000	22.109375	WAIT
181.500287	0.001	0.000	22.109375	WAIT
182.005491	0.001	0.000	22.078125	WAIT
182.500328	0.001	0.000	22.2421875	WAIT
183.010610	0.000	0.000	22.109375	WAIT
183.500327	0.001	0.000	22.0	WAIT
184.005579	0.001	0.000	22.1640625	WAIT
184.500399	0.001	0.000	22.1640625	WAIT
185.005489	0.001	0.000	22.0546875	WAIT
185.500304	0.001	0.000	21.984375	WAIT
186.001597	0.001	0.000	22.1640625	WAIT
186.500293	0.001	0.000	22.0	WAIT
187.007267	0.001	0.000	22.1328125	WAIT
187.500299	0.001	0.000	22.09375	WAIT
188.005521	0.001	0.000	22.1328125	WAIT
188.500307	0.001	0.000	22.09375	WAIT
189.003744	0.001	0.000	22.0546875	WAIT
189.500304	0.001	0.000	22.0390625	WAIT
190.005474	0.001	0.000	22.09375	WAIT
190.500380	0.001	0.000	21.9296875	WAIT
191.002421	0.000	0.000	22.09375	WAIT
191.500317	0.001	0.000	22.078125	WAIT
192.005532	0.001	0.000	22.078125	WAIT
192.500331	0.001	0.000	22.0390625	WAIT
193.005511	0.001	0.000	21.96875	WAIT
193.500278	0.001	0.000	22.0390625	WAIT
194.004168	0.001	0.000	22.078125	WAIT
194.500351	0.001	0.000	22.078125	WAIT
195.005462	0.001	0.000	22.078125	WAIT
195.500357	0.001	0.000	22.0234375	WAIT
196.001266	0.001	0.000	22.0390625	WAIT
196.500316	0.001	0.000	22.078125	WAIT
197.003765	0.001	0.000	22.0	WAIT
197.500299	0.001	0.000	22.109375	WAIT
198.005218	0.000	0.000	22.078125	WAIT
198.500304	0.001	0.000	22.1640625	WAIT
199.005477	0.001	0.000	22.0	WAIT
199.500284	0.001	0.000	21.9296875	WAIT
200.004965	0.001	0.000	21.9453125	WAIT
200.500365	0.001	0.000	22.1484375	WAIT
201.005460	0.000	0.000	21.96875	WAIT
201.500288	0.001	0.000	22.1640625	WAIT
202.004526	0.001	0.000	21.984375	WAIT
202.500259	0.001	0.000	22.0234375	WAIT
203.005449	0.001	0.000	21.96875	WAIT
203.500300	0.001	0.000	21.9296875	WAIT
204.003155	0.001	0.000	22.0	WAIT
204.500300	0.001	0.000	22.1640625	WAIT
205.005522	0.001	0.000	21.984375	WAIT
205.500291	0.000	0.000	22.09375	WAIT
206.002980	0.001	0.000	21.9140625	WAIT
206.500301	0.001	0.000	22.0	WAIT
207.005487	0.001	0.000	21.9453125	WAIT
207.500329	0.000	0.000	22.109375	WAIT
208.005475	0.001	0.000	22.0546875	WAIT
208.500491	0.001	0.000	22.0390625	WAIT
209.003110	0.000	0.000	21.859375	WAIT
209.500360	0.001	0.000	22.0234375	WAIT
210.005492	0.001	0.000	22.0	WAIT
210.500370	0.001	0.000	22.0234375	WAIT
211.001520	0.001	0.000	21.96875	WAIT
211.500278	0.001	0.000	21.875	WAIT
212.005461	0.001	0.000	21.9296875	WAIT
212.500288	0.001	0.000	21.984375	WAIT
213.003910	0.001	0.000	22.0546875	WAIT
213.500283	0.001	0.000	22.0234375	WAIT
214.005475	0.001	0.000	21.9296875	WAIT
214.500310	0.001	0.000	21.9296875	WAIT
215.005184	0.001	0.000	22.0234375	WAIT
215.500252	0.001	0.000	22.0234375	WAIT
216.005475	0.001	0.000	21.875	WAIT
216.500362	0.001	0.000	22.0	WAIT
217.003109	0.001	0.000	21.8359375	WAIT
217.500297	0.001	0.000	22.078125	WAIT
218.002080	0.001	0.000	21.96875	WAIT
218.500291	0.001	0.000	22.0546875	WAIT
219.007747	0.001	0.000	21.890625	WAIT
219.500293	0.001	0.000	22.0234375	WAIT
220.002244	0.001	0.000	22.0390625	WAIT
220.500269	0.001	0.000	21.890625	WAIT
221.005464	0.001	0.000	22.0234375	WAIT
221.500317	0.001	0.000	21.875	WAIT
222.001564	0.001	0.000	22.0234375	WAIT
222.500345	0.001	0.000	21.8359375	WAIT
223.005479	0.001	0.000	21.8359375	WAIT
223.500327	0.001	0.000	21.96875	WAIT
224.005522	0.001	0.000	21.96875	WAIT
224.500372	0.001	0.000	22.0390625	WAIT
225.002963	0.001	0.000	21.8359375	WAIT
225.500357	0.001	0.000	22.0	WAIT
226.000950	0.000	0.000	21.796875	WAIT
226.500091	0.001	0.000	21.8203125	WAIT
227.004461	0.001	0.000	21.875	WAIT
227.500365	0.001	0.000	21.875	WAIT
228.005500	0.000	0.000	21.9296875	WAIT
228.500318	0.001	0.000	21.9296875	WAIT
229.005472	0.001	0.000	21.96875	WAIT
229.500380	0.001	0.000	22.0	WAIT
230.005069	0.001	0.000	22.0	WAIT
230.500303	0.002	0.000	21.9296875	WAIT
231.005476	0.001	0.000	21.875	WAIT
231.500343	0.001	0.000	21.9296875	WAIT
232.001989	0.001	0.000	21.9140625	WAIT
232.500287	0.001	0.000	21.859375	WAIT
233.005499	0.001	0.000	21.8203125	WAIT
233.500275	0.001	0.000	21.9453125	WAIT
234.000576	0.001	0.000	21.9140625	WAIT
234.500289	0.001	0.000	22.0	WAIT
235.005469	0.001	0.000	21.875	WAIT
235.500338	0.002	0.000	21.8359375	WAIT
236.002484	0.001	0.000	21.859375	WAIT
236.500317	0.001	0.000	21.875	WAIT
237.005473	0.001	0.000	21.875	WAIT
237.500315	0.001	0.000	21.9296875	WAIT
238.001148	0.001	0.000	21.875	WAIT
238.500319	0.001	0.000	21.8203125	WAIT
239.005500	0.001	0.000	21.9140625	WAIT
239.500311	0.001	0.000	21.9296875	WAIT
