#Resonance Frequency: 404000.000 kHz
#Set Current: 9.51 A
Time [s]	Current [A]	Voltage [V]	T0 [degC]	State
0.000019	0.001	0.000	21.7421875	BEFORE
0.500294	0.001	0.000	21.859375	BEFORE
1.005218	0.001	0.000	21.859375	BEFORE
1.500273	0.000	0.000	21.890625	BEFORE
2.005470	0.001	0.000	21.9453125	BEFORE
2.500315	0.001	0.000	21.796875	BEFORE
3.001612	0.000	0.000	21.875	BEFORE
3.500304	0.000	0.000	21.875	BEFORE
4.000296	0.001	0.000	21.765625	BEFORE
4.500319	0.001	0.000	21.78125	BEFORE
5.005537	0.000	0.000	21.8359375	BEFORE
5.500323	0.001	0.000	21.890625	BEFORE
6.000299	0.000	0.000	21.890625	BEFORE
6.500318	0.001	0.000	21.796875	BEFORE
7.002202	0.001	0.000	21.796875	BEFORE
7.500318	0.001	0.000	21.8203125	BEFORE
8.000292	0.001	0.000	21.9296875	BEFORE
8.500291	0.001	0.000	21.9296875	BEFORE
9.000294	0.001	0.000	21.8203125	BEFORE
9.500303	0.001	0.000	21.7421875	BEFORE
10.000314	0.000	0.000	21.890625	BEFORE
10.500418	0.000	0.000	21.875	BEFORE
11.000304	0.001	0.000	21.890625	BEFORE
11.500346	0.001	0.000	21.78125	BEFORE
12.001750	0.001	0.000	21.9140625	BEFORE
12.500278	0.000	0.000	21.875	BEFORE
13.002983	0.001	0.000	21.8203125	BEFORE
13.500296	0.001	0.000	21.984375	BEFORE
14.000355	0.001	0.000	21.796875	BEFORE
14.500293	0.001	0.000	21.859375	BEFORE
15.000290	0.001	0.000	21.859375	BEFORE
15.500375	0.000	0.000	21.875	BEFORE
16.000301	0.000	0.000	21.796875	BEFORE
16.500295	0.001	0.000	21.9296875	BEFORE
17.001574	0.001	0.000	21.796875	BEFORE
17.500272	0.001	0.000	21.96875	BEFORE
18.001854	0.001	0.000	21.8203125	BEFORE
18.500301	0.001	0.000	21.875	BEFORE
19.003169	0.001	0.000	21.9140625	BEFORE
19.500351	0.000	0.000	21.984375	BEFORE
20.005435	0.001	0.000	21.890625	BEFORE
20.500279	0.001	0.000	21.859375	BEFORE
21.004571	0.001	0.000	21.765625	BEFORE
21.500320	0.001	0.000	21.890625	BEFORE
22.000307	0.000	0.000	21.78125	BEFORE
22.500287	0.000	0.000	21.765625	BEFORE
23.000300	0.001	0.000	21.7421875	BEFORE
23.500286	0.000	0.000	21.8203125	BEFORE
24.000442	0.001	0.000	21.8203125	BEFORE
24.500337	0.001	0.000	21.8203125	BEFORE
25.000287	0.001	0.000	21.890625	BEFORE
25.500311	0.001	0.000	21.890625	BEFORE
26.002295	0.000	0.000	21.875	BEFORE
26.500285	0.001	0.000	21.796875	BEFORE
27.004580	0.000	0.000	21.796875	BEFORE
27.500296	0.001	0.000	21.8203125	BEFORE
28.000298	0.001	0.000	21.765625	BEFORE
28.500299	0.001	0.000	21.859375	BEFORE
29.000311	0.001	0.000	21.765625	BEFORE
29.500286	0.001	0.000	21.765625	BEFORE
30.005453	0.001	0.000	21.875	BEFORE
30.500276	0.001	0.000	21.875	BEFORE
31.000980	0.001	0.000	21.859375	BEFORE
31.500317	0.000	0.000	21.8203125	BEFORE
32.004956	0.001	0.000	21.875	BEFORE
32.500307	0.001	0.000	21.8203125	BEFORE
33.000290	0.001	0.000	21.7265625	BEFORE
33.500311	0.001	0.000	21.7421875	BEFORE
34.000309	0.001	0.000	21.7421875	BEFORE
34.500351	0.000	0.000	21.796875	BEFORE
35.000288	0.001	0.000	21.6953125	BEFORE
35.500332	0.000	0.000	21.7265625	BEFORE
36.000302	0.001	0.000	21.78125	BEFORE
36.500344	0.000	0.000	21.78125	BEFORE
37.002312	0.001	0.000	21.859375	BEFORE
37.500292	0.001	0.000	21.7265625	BEFORE
38.000309	0.001	0.000	21.7421875	BEFORE
38.500304	0.001	0.000	21.765625	BEFORE
39.000361	0.001	0.000	21.7421875	BEFORE
39.500286	0.001	0.000	21.9140625	BEFORE
40.000291	0.001	0.000	21.8203125	BEFORE
40.500300	0.001	0.000	21.796875	BEFORE
41.000283	0.001	0.000	21.796875	BEFORE
41.500475	0.001	0.000	21.8203125	BEFORE
42.000354	0.001	0.000	21.96875	BEFORE
42.500324	0.001	0.000	21.7421875	BEFORE
43.000304	0.001	0.000	21.875	BEFORE
43.500301	0.000	0.000	21.78125	BEFORE
44.002886	0.001	0.000	21.8359375	BEFORE
44.500287	0.000	0.000	21.7109375	BEFORE
45.000288	0.001	0.000	21.7421875	BEFORE
45.500417	0.001	0.000	21.890625	BEFORE
46.000596	0.000	0.000	21.7421875	BEFORE
46.500273	0.001	0.000	21.7109375	BEFORE
47.000286	0.001	0.000	21.875	BEFORE
47.500312	0.001	0.000	21.7421875	BEFORE
48.000445	0.000	0.000	21.765625	BEFORE
48.500445	0.001	0.000	21.6953125	BEFORE
49.000401	0.000	0.000	21.796875	BEFORE
49.500310	0.001	0.000	21.7265625	BEFORE
50.005463	0.001	0.000	21.6953125	BEFORE
50.500235	0.001	0.000	21.765625	BEFORE
51.003097	0.001	0.000	21.78125	BEFORE
51.500292	0.001	0.000	21.65625	BEFORE
52.000287	0.001	0.000	21.8203125	BEFORE
52.500269	0.001	0.000	21.765625	BEFORE
53.010286	0.001	0.000	21.78125	BEFORE
53.500280	0.001	0.000	21.765625	BEFORE
54.005500	0.001	0.000	21.7421875	BEFORE
54.500271	0.001	0.000	21.7109375	BEFORE
55.003781	0.001	0.000	21.7265625	BEFORE
55.500379	0.001	0.000	21.765625	BEFORE
56.004718	0.001	0.000	21.7421875	BEFORE
56.500297	0.001	0.000	21.6953125	BEFORE
57.000296	0.001	0.000	21.7109375	BEFORE
57.500341	0.001	0.000	21.796875	BEFORE
58.007689	0.001	0.000	21.765625	BEFORE
58.500276	0.001	0.000	21.6953125	BEFORE
59.000341	0.001	0.000	21.78125	BEFORE
59.500331	0.001	0.000	21.78125	BEFORE
60.000280	0.001	0.000	21.6953125	BEFORE
61.001840	9.502	19.036	21.6953125	EXPOSING
61.500334	9.504	19.050	22.6953125	EXPOSING
62.000308	9.503	19.061	23.2109375	EXPOSING
62.500355	9.504	19.070	23.703125	EXPOSING
63.005432	9.504	19.077	23.8828125	EXPOSING
63.500305	9.504	19.082	24.140625	EXPOSING
64.004392	9.504	19.086	24.34375	EXPOSING
64.500292	9.504	19.089	24.6015625	EXPOSING
65.000294	9.504	19.093	24.78125	EXPOSING
65.500298	9.504	19.095	25.0703125	EXPOSING
66.000302	9.504	19.098	25.203125	EXPOSING
66.500003	9.505	19.099	25.3828125	EXPOSING
67.000290	9.503	19.101	25.5703125	EXPOSING
67.500373	9.506	19.103	25.640625	EXPOSING
68.008718	9.504	19.105	25.890625	EXPOSING
68.500328	9.504	19.107	26.0234375	EXPOSING
69.005438	9.504	19.108	26.2578125	EXPOSING
69.500297	9.505	19.109	26.109375	EXPOSING
70.002172	9.504	19.111	26.3671875	EXPOSING
70.500325	9.505	19.112	26.6015625	EXPOSING
71.000285	9.504	19.113	26.625	EXPOSING
71.500295	9.504	19.114	26.75	EXPOSING
72.000295	9.505	19.115	26.84375	EXPOSING
72.500289	9.504	19.116	26.9140625	EXPOSING
73.005425	9.504	19.118	27.0625	EXPOSING
73.508241	9.504	19.119	27.1484375	EXPOSING
74.005461	9.504	19.118	27.203125	EXPOSING
74.500350	9.505	19.121	27.3125	EXPOSING
75.010536	9.504	19.122	27.4609375	EXPOSING
75.500292	9.504	19.123	27.546875	EXPOSING
76.000289	9.504	19.125	27.71875	EXPOSING
76.500330	9.504	19.125	27.71875	EXPOSING
77.001129	9.504	19.127	27.8046875	EXPOSING
77.500288	9.504	19.126	27.9296875	EXPOSING
78.000243	9.504	19.128	27.8984375	EXPOSING
78.500306	9.503	19.130	28.0234375	EXPOSING
79.005456	9.504	19.130	28.078125	EXPOSING
79.500269	9.504	19.131	28.296875	EXPOSING
80.005397	9.504	19.132	28.3359375	EXPOSING
80.500300	9.505	19.134	28.3125	EXPOSING
81.002088	9.504	19.135	28.4609375	EXPOSING
81.500305	9.504	19.136	28.4453125	EXPOSING
82.000300	9.504	19.137	28.5703125	EXPOSING
82.500327	9.505	19.138	28.65625	EXPOSING
83.005401	9.504	19.139	28.7109375	EXPOSING
83.500287	9.504	19.140	28.65625	EXPOSING
84.000304	9.504	19.139	28.8984375	EXPOSING
84.500296	9.504	19.141	28.984375	EXPOSING
85.005445	9.504	19.143	28.984375	EXPOSING
85.500286	9.504	19.142	28.96875	EXPOSING
86.000744	9.503	19.143	28.96875	EXPOSING
86.500284	9.504	19.145	29.203125	EXPOSING
87.000293	9.504	19.146	29.171875	EXPOSING
87.500303	9.504	19.147	29.2578125	EXPOSING
88.002095	9.504	19.148	29.3671875	EXPOSING
88.500304	9.504	19.148	29.3671875	EXPOSING
89.000297	9.504	19.150	29.3828125	EXPOSING
89.500355	9.504	19.150	29.515625	EXPOSING
90.006293	9.504	19.150	29.4375	EXPOSING
90.500320	9.504	19.150	29.4375	EXPOSING
91.001612	9.505	19.152	29.640625	EXPOSING
91.500308	9.504	19.153	29.6171875	EXPOSING
92.005432	9.504	19.154	29.765625	EXPOSING
92.500266	9.504	19.155	29.75	EXPOSING
93.001062	9.504	19.154	29.7265625	EXPOSING
93.500314	9.504	19.156	29.7265625	EXPOSING
94.005485	9.504	19.157	29.8359375	EXPOSING
94.500343	9.504	19.158	29.859375	EXPOSING
95.005174	9.504	19.158	29.8359375	EXPOSING
95.500297	9.504	19.158	29.9296875	EXPOSING
96.000290	9.504	19.159	30.0546875	EXPOSING
96.500294	9.505	19.160	30.109375	EXPOSING
97.004336	9.504	19.160	30.1484375	EXPOSING
97.500314	9.504	19.161	30.015625	EXPOSING
98.000305	9.504	19.162	30.2890625	EXPOSING
98.500399	9.504	19.163	30.21875	EXPOSING
99.002400	9.504	19.162	30.2421875	EXPOSING
99.500283	9.504	19.163	30.421875	EXPOSING
100.000507	9.505	19.164	30.3671875	EXPOSING
100.500295	9.503	19.164	30.3828125	EXPOSING
101.004693	9.503	19.166	30.4375	EXPOSING
101.500290	9.504	19.164	30.53125	EXPOSING
102.005466	9.504	19.166	30.53125	EXPOSING
102.500279	9.504	19.166	30.546875	EXPOSING
103.004167	9.504	19.167	30.7265625	EXPOSING
103.500300	9.505	19.169	30.7109375	EXPOSING
104.004726	9.504	19.169	30.65625	EXPOSING
104.500307	9.504	19.168	30.7109375	EXPOSING
105.000293	9.505	19.170	30.7109375	EXPOSING
105.500324	9.504	19.170	30.8203125	EXPOSING
106.001856	9.504	19.171	30.765625	EXPOSING
106.500307	9.504	19.172	30.796875	EXPOSING
107.000292	9.504	19.171	30.8515625	EXPOSING
107.500335	9.503	19.172	30.875	EXPOSING
108.000388	9.504	19.173	30.9765625	EXPOSING
108.500279	9.504	19.173	30.9296875	EXPOSING
109.005434	9.504	19.173	30.9765625	EXPOSING
109.500280	9.504	19.173	30.9609375	EXPOSING
110.029903	9.504	19.174	30.9765625	EXPOSING
110.500184	9.505	19.175	31.0703125	EXPOSING
111.000291	9.504	19.174	31.0546875	EXPOSING
111.500461	9.504	19.175	31.0859375	EXPOSING
112.000287	9.504	19.176	31.1640625	EXPOSING
112.500356	9.504	19.177	31.140625	EXPOSING
113.000747	9.504	19.177	31.1796875	EXPOSING
113.500305	9.504	19.176	31.234375	EXPOSING
114.002396	9.504	19.177	31.2890625	EXPOSING
114.500350	9.504	19.179	31.34375	EXPOSING
115.005413	9.505	19.179	31.2890625	EXPOSING
115.500308	9.504	19.178	31.34375	EXPOSING
116.002492	9.504	19.179	31.3203125	EXPOSING
116.500302	9.504	19.180	31.46875	EXPOSING
117.000289	9.505	19.179	31.359375	EXPOSING
117.500423	9.504	19.180	31.484375	EXPOSING
118.000302	9.504	19.181	31.34375	EXPOSING
118.500328	9.504	19.181	31.5234375	EXPOSING
119.003015	9.504	19.182	31.5625	EXPOSING
119.500342	9.504	19.181	31.6640625	EXPOSING
120.001091	9.504	19.183	31.6328125	EXPOSING
120.500321	9.504	19.182	31.609375	EXPOSING
121.000742	9.504	19.184	31.7421875	EXPOSING
121.500362	9.504	19.184	31.7421875	EXPOSING
122.005459	9.504	19.184	31.703125	EXPOSING
122.500308	9.504	19.184	31.7421875	EXPOSING
123.000398	9.504	19.184	31.7734375	EXPOSING
123.500284	9.504	19.185	31.8671875	EXPOSING
124.000295	9.504	19.186	31.828125	EXPOSING
124.500303	9.504	19.186	31.9765625	EXPOSING
125.005431	9.505	19.185	31.828125	EXPOSING
125.500316	9.504	19.186	31.8515625	EXPOSING
126.001947	9.504	19.187	31.9765625	EXPOSING
126.500285	9.504	19.187	31.921875	EXPOSING
127.000303	9.504	19.187	32.1015625	EXPOSING
127.500299	9.504	19.189	31.9375	EXPOSING
128.010961	9.504	19.189	32.03125	EXPOSING
128.500319	9.504	19.189	32.0625	EXPOSING
129.005455	9.504	19.188	32.1953125	EXPOSING
129.500280	9.504	19.188	32.0625	EXPOSING
130.001686	9.504	19.189	32.03125	EXPOSING
130.500278	9.504	19.190	32.0859375	EXPOSING
131.000398	9.504	19.190	32.171875	EXPOSING
131.500331	9.504	19.190	32.1953125	EXPOSING
132.004375	9.504	19.191	32.2265625	EXPOSING
132.500292	9.504	19.190	32.28125	EXPOSING
133.000289	9.504	19.192	32.28125	EXPOSING
133.500327	9.504	19.192	32.3359375	EXPOSING
134.002341	9.504	19.192	32.25	EXPOSING
134.500328	9.504	19.192	32.3203125	EXPOSING
135.000309	9.504	19.192	32.40625	EXPOSING
135.500349	9.504	19.192	32.390625	EXPOSING
136.000968	9.503	19.192	32.265625	EXPOSING
136.500358	9.504	19.192	32.40625	EXPOSING
137.005436	9.504	19.194	32.296875	EXPOSING
137.500266	9.504	19.194	32.515625	EXPOSING
138.001904	9.504	19.193	32.5	EXPOSING
138.500273	9.504	19.193	32.5546875	EXPOSING
139.000292	9.504	19.194	32.5390625	EXPOSING
139.500312	9.504	19.193	32.625	EXPOSING
140.000384	9.504	19.195	32.4609375	EXPOSING
140.500360	9.504	19.195	32.6796875	EXPOSING
141.000294	9.504	19.196	32.5546875	EXPOSING
141.500480	9.504	19.195	32.640625	EXPOSING
142.000287	9.504	19.195	32.6953125	EXPOSING
142.500345	9.504	19.196	32.640625	EXPOSING
143.001487	9.503	19.196	32.734375	EXPOSING
143.500302	9.504	19.197	32.84375	EXPOSING
144.000300	9.503	19.197	32.71875	EXPOSING
144.500344	9.504	19.198	32.75	EXPOSING
145.004627	9.504	19.197	32.859375	EXPOSING
145.500276	9.505	19.198	32.9140625	EXPOSING
146.005476	9.504	19.197	32.859375	EXPOSING
146.500307	9.504	19.197	32.8828125	EXPOSING
147.010111	9.504	19.200	32.9296875	EXPOSING
147.500305	9.504	19.199	32.9140625	EXPOSING
148.008837	9.504	19.199	32.890625	EXPOSING
148.500310	9.504	19.200	32.8828125	EXPOSING
149.000304	9.504	19.199	32.9453125	EXPOSING
149.500350	9.504	19.199	33.0234375	EXPOSING
150.001719	9.504	19.201	32.9296875	EXPOSING
150.500292	9.504	19.201	32.9453125	EXPOSING
151.000299	9.503	19.201	32.9296875	EXPOSING
151.500297	9.504	19.201	33.0625	EXPOSING
152.002165	9.504	19.201	33.0390625	EXPOSING
152.500268	9.504	19.201	33.1328125	EXPOSING
153.000303	9.503	19.201	33.0	EXPOSING
153.500300	9.504	19.203	33.2578125	EXPOSING
154.005430	9.504	19.203	33.234375	EXPOSING
154.500274	9.504	19.202	33.234375	EXPOSING
155.002938	9.504	19.202	33.078125	EXPOSING
155.500301	9.504	19.203	33.21875	EXPOSING
156.000299	9.504	19.203	33.234375	EXPOSING
156.500317	9.504	19.203	33.2578125	EXPOSING
157.003494	9.504	19.203	33.3671875	EXPOSING
157.500294	9.504	19.203	33.2734375	EXPOSING
158.000302	9.504	19.204	33.3828125	EXPOSING
158.500339	9.504	19.205	33.3828125	EXPOSING
159.000289	9.504	19.205	33.2890625	EXPOSING
159.500307	9.504	19.205	33.34375	EXPOSING
160.004225	9.504	19.206	33.2578125	EXPOSING
161.005499	0.054	0.004	33.328125	WAIT
161.500279	0.000	0.000	31.9375	WAIT
162.000748	0.001	0.000	31.703125	WAIT
162.500293	0.000	0.000	31.34375	WAIT
163.000288	0.000	0.000	31.03125	WAIT
163.500318	0.000	0.000	30.796875	WAIT
164.000364	0.001	0.000	30.6328125	WAIT
164.500308	0.001	0.000	30.3828125	WAIT
165.002342	0.001	0.000	30.34375	WAIT
165.500305	0.001	0.000	30.1328125	WAIT
166.006993	0.001	0.000	29.9296875	WAIT
166.500307	0.001	0.000	29.875	WAIT
167.007498	0.000	0.000	29.6953125	WAIT
167.500268	0.001	0.000	29.6171875	WAIT
168.000283	0.000	0.000	29.4375	WAIT
168.500299	0.000	0.000	29.421875	WAIT
169.004158	0.001	0.000	29.3125	WAIT
169.500286	0.000	0.000	29.078125	WAIT
170.000283	0.000	0.000	29.1171875	WAIT
170.500297	0.000	0.000	28.96875	WAIT
171.005452	0.001	0.000	28.9140625	WAIT
171.500278	0.000	0.000	28.765625	WAIT
172.114841	0.001	0.000	28.625	WAIT
172.500161	0.000	0.000	28.421875	WAIT
173.001166	0.001	0.000	28.4765625	WAIT
173.500294	0.001	0.000	28.4453125	WAIT
174.000290	0.001	0.000	28.296875	WAIT
174.500350	0.001	0.000	28.1484375	WAIT
175.002396	0.001	0.000	28.078125	WAIT
175.500332	0.000	0.000	28.171875	WAIT
176.003053	0.001	0.000	28.0234375	WAIT
176.500355	0.000	0.000	27.953125	WAIT
177.000304	0.001	0.000	27.96875	WAIT
177.500305	0.001	0.000	27.75	WAIT
178.006454	0.000	0.000	27.875	WAIT
178.500282	0.001	0.000	27.734375	WAIT
179.000290	0.001	0.000	27.71875	WAIT
179.500302	0.000	0.000	27.5703125	WAIT
180.000302	0.001	0.000	27.625	WAIT
180.500353	0.001	0.000	27.421875	WAIT
181.003343	0.000	0.000	27.3671875	WAIT
181.500341	0.000	0.000	27.3671875	WAIT
182.001115	0.000	0.000	27.296875	WAIT
182.500329	0.001	0.000	27.2421875	WAIT
183.000824	0.000	0.000	27.3125	WAIT
183.500287	0.000	0.000	27.2578125	WAIT
184.008577	0.001	0.000	27.1171875	WAIT
184.500272	0.000	0.000	27.1875	WAIT
185.004014	0.000	0.000	27.0078125	WAIT
185.500280	0.001	0.000	27.1171875	WAIT
186.000316	0.000	0.000	27.0234375	WAIT
186.500294	0.001	0.000	26.9140625	WAIT
187.000302	0.001	0.000	26.9140625	WAIT
187.500308	0.000	0.000	26.75	WAIT
188.005481	0.000	0.000	26.75	WAIT
188.500274	0.001	0.000	26.7734375	WAIT
189.004790	0.000	0.000	26.75	WAIT
189.500280	0.000	0.000	26.65625	WAIT
190.004423	0.001	0.000	26.7734375	WAIT
190.500288	0.000	0.000	26.6015625	WAIT
191.005477	0.001	0.000	26.75	WAIT
191.500341	0.001	0.000	26.53125	WAIT
192.000519	0.001	0.000	26.4609375	WAIT
192.500293	0.001	0.000	26.625	WAIT
193.005458	0.000	0.000	26.4609375	WAIT
193.500309	0.001	0.000	26.4375	WAIT
194.000745	0.001	0.000	26.4609375	WAIT
194.500286	0.001	0.000	26.3515625	WAIT
195.000306	0.001	0.000	26.40625	WAIT
195.500334	0.001	0.000	26.3125	WAIT
196.001327	0.000	0.000	26.2421875	WAIT
196.500337	0.000	0.000	26.3125	WAIT
197.001025	0.000	0.000	26.21875	WAIT
197.500285	0.000	0.000	26.2421875	WAIT
198.000296	0.001	0.000	26.1640625	WAIT
198.500288	0.000	0.000	26.1640625	WAIT
199.002818	0.000	0.000	26.0234375	WAIT
199.500290	0.000	0.000	26.21875	WAIT
200.005441	0.000	0.000	26.0078125	WAIT
200.500320	0.001	0.000	25.984375	WAIT
201.000351	0.001	0.000	26.0234375	WAIT
201.500358	0.001	0.000	26.0078125	WAIT
202.003766	0.001	0.000	25.96875	WAIT
202.500269	0.001	0.000	25.890625	WAIT
203.000297	0.001	0.000	25.953125	WAIT
203.500299	0.000	0.000	25.9296875	WAIT
204.000304	0.000	0.000	25.859375	WAIT
204.500287	0.000	0.000	25.8203125	WAIT
205.005450	0.000	0.000	25.8203125	WAIT
205.500736	0.001	0.000	25.8359375	WAIT
206.004304	0.001	0.000	25.75	WAIT
206.500310	0.001	0.000	25.75	WAIT
207.005433	0.001	0.000	25.78125	WAIT
207.500297	0.000	0.000	25.75	WAIT
208.006224	0.001	0.000	25.625	WAIT
208.500289	0.000	0.000	25.6796875	WAIT
209.000301	0.000	0.000	25.65625	WAIT
209.500304	0.000	0.000	25.5859375	WAIT
210.000282	0.000	0.000	25.640625	WAIT
210.500299	0.001	0.000	25.4765625	WAIT
211.015245	0.000	0.000	25.546875	WAIT
211.500276	0.000	0.000	25.4765625	WAIT
212.005523	0.000	0.000	25.53125	WAIT
212.500263	0.000	0.000	25.3671875	WAIT
213.005484	0.001	0.000	25.6015625	WAIT
213.500352	0.001	0.000	25.421875	WAIT
214.000590	0.000	0.000	25.5078125	WAIT
214.500336	0.001	0.000	25.4921875	WAIT
215.002669	0.001	0.000	25.4375	WAIT
215.500332	0.000	0.000	25.4375	WAIT
216.002016	0.001	0.000	25.4375	WAIT
216.500282	0.001	0.000	25.3125	WAIT
217.000317	0.000	0.000	25.2578125	WAIT
217.500293	0.001	0.000	25.3125	WAIT
218.000313	0.001	0.000	25.3125	WAIT
218.500295	0.000	0.000	25.203125	WAIT
219.006239	0.000	0.000	25.2734375	WAIT
219.500276	0.000	0.000	25.296875	WAIT
220.000288	0.000	0.000	25.1796875	WAIT
220.500361	0.001	0.000	25.1484375	WAIT
221.005111	0.001	0.000	25.21875	WAIT
221.500419	0.000	0.000	25.3125	WAIT
222.010642	0.000	0.000	25.2421875	WAIT
222.500287	0.000	0.000	25.1640625	WAIT
223.005447	0.000	0.000	25.1640625	WAIT
223.500285	0.000	0.000	25.1640625	WAIT
224.000647	0.000	0.000	25.0390625	WAIT
224.500343	0.000	0.000	25.125	WAIT
225.005484	0.001	0.000	25.109375	WAIT
225.500293	0.001	0.000	25.125	WAIT
226.010335	0.001	0.000	25.0703125	WAIT
226.500273	0.001	0.000	25.109375	WAIT
227.000294	0.000	0.000	25.0546875	WAIT
227.500292	0.001	0.000	25.015625	WAIT
228.000292	0.001	0.000	25.0703125	WAIT
228.500334	0.001	0.000	24.984375	WAIT
229.006807	0.000	0.000	25.0546875	WAIT
229.500317	0.000	0.000	24.890625	WAIT
230.004980	0.000	0.000	24.9453125	WAIT
230.500293	0.000	0.000	24.9140625	WAIT
231.003353	0.000	0.000	25.015625	WAIT
231.500338	0.001	0.000	24.9296875	WAIT
232.005449	0.001	0.000	24.9609375	WAIT
232.500299	0.000	0.000	24.9453125	WAIT
233.000795	0.000	0.000	24.984375	WAIT
233.500266	0.001	0.000	24.8515625	WAIT
234.000286	0.000	0.000	24.890625	WAIT
234.500299	0.001	0.000	24.875	WAIT
235.002796	0.001	0.000	24.8515625	WAIT
235.500303	0.001	0.000	24.78125	WAIT
236.007935	0.000	0.000	24.796875	WAIT
236.500289	0.000	0.000	24.796875	WAIT
237.005455	0.001	0.000	24.875	WAIT
237.500278	0.001	0.000	24.890625	WAIT
238.127054	0.000	0.000	24.8359375	WAIT
238.500125	0.001	0.000	24.8359375	WAIT
239.001519	0.000	0.000	24.796875	WAIT
239.500303	0.000	0.000	24.7109375	WAIT
240.000290	0.001	0.000	24.7421875	WAIT
240.500294	0.000	0.000	24.65625	WAIT
241.000313	0.001	0.000	24.6015625	WAIT
241.500312	0.000	0.000	24.7109375	WAIT
242.000315	0.001	0.000	24.5625	WAIT
242.500287	0.000	0.000	24.7109375	WAIT
243.005418	0.001	0.000	24.6015625	WAIT
243.500277	0.000	0.000	24.671875	WAIT
244.002899	0.001	0.000	24.7421875	WAIT
244.500314	0.001	0.000	24.6171875	WAIT
245.005481	0.001	0.000	24.6171875	WAIT
245.500272	0.000	0.000	24.5234375	WAIT
246.005449	0.000	0.000	24.578125	WAIT
246.500353	0.000	0.000	24.6015625	WAIT
247.005685	0.001	0.000	24.578125	WAIT
247.500281	0.001	0.000	24.5078125	WAIT
248.005440	0.001	0.000	24.546875	WAIT
248.500349	0.001	0.000	24.6171875	WAIT
249.015616	0.000	0.000	24.6171875	WAIT
249.500266	0.000	0.000	24.5625	WAIT
250.001446	0.001	0.000	24.453125	WAIT
250.500286	0.000	0.000	24.5078125	WAIT
251.003538	0.000	0.000	24.4140625	WAIT
251.500354	0.000	0.000	24.4375	WAIT
252.000291	0.001	0.000	24.46875	WAIT
252.500362	0.001	0.000	24.5625	WAIT
253.010370	0.001	0.000	24.3984375	WAIT
253.500341	0.000	0.000	24.3984375	WAIT
254.003811	0.000	0.000	24.5234375	WAIT
254.500299	0.001	0.000	24.453125	WAIT
255.003797	0.000	0.000	24.3984375	WAIT
255.500331	0.001	0.000	24.46875	WAIT
256.003748	0.000	0.000	24.328125	WAIT
256.500296	0.001	0.000	24.3828125	WAIT
257.005458	0.001	0.000	24.4140625	WAIT
257.500302	0.000	0.000	24.21875	WAIT
258.004407	0.001	0.000	24.4140625	WAIT
258.500304	0.001	0.000	24.359375	WAIT
259.005486	0.000	0.000	24.328125	WAIT
259.500343	0.001	0.000	24.2734375	WAIT
260.003668	0.001	0.000	24.25	WAIT
260.500280	0.001	0.000	24.1953125	WAIT
261.004836	0.001	0.000	24.3828125	WAIT
261.500356	0.000	0.000	24.2734375	WAIT
262.005090	0.000	0.000	24.2890625	WAIT
262.500270	0.000	0.000	24.2734375	WAIT
263.005457	0.001	0.000	24.25	WAIT
263.500302	0.000	0.000	24.328125	WAIT
264.000465	0.000	0.000	24.140625	WAIT
264.500295	0.001	0.000	24.125	WAIT
265.002767	0.001	0.000	24.25	WAIT
265.500348	0.000	0.000	24.234375	WAIT
266.005464	0.001	0.000	24.1796875	WAIT
266.500329	0.000	0.000	24.234375	WAIT
267.004972	0.000	0.000	24.234375	WAIT
267.500340	0.001	0.000	24.234375	WAIT
268.002543	0.000	0.000	24.1953125	WAIT
268.500324	0.000	0.000	24.234375	WAIT
269.005236	0.001	0.000	24.125	WAIT
269.500300	0.000	0.000	24.1953125	WAIT
270.000257	0.000	0.000	24.15625	WAIT
270.500308	0.000	0.000	24.0859375	WAIT
271.000822	0.001	0.000	24.15625	WAIT
271.500283	0.000	0.000	24.15625	WAIT
272.000291	0.000	0.000	24.1953125	WAIT
272.500290	0.000	0.000	24.15625	WAIT
273.000299	0.001	0.000	24.1796875	WAIT
273.500535	0.001	0.000	24.109375	WAIT
274.002943	0.000	0.000	24.15625	WAIT
274.500360	0.000	0.000	24.1953125	WAIT
275.003465	0.000	0.000	24.0859375	WAIT
275.500270	0.000	0.000	24.125	WAIT
276.005672	0.000	0.000	24.03125	WAIT
276.500328	0.000	0.000	23.9453125	WAIT
277.000301	0.000	0.000	24.1953125	WAIT
277.500349	0.001	0.000	24.0	WAIT
278.008291	0.001	0.000	23.921875	WAIT
278.500349	0.000	0.000	24.0703125	WAIT
279.005095	0.001	0.000	24.0703125	WAIT
279.500278	0.000	0.000	23.90625	WAIT
280.005404	0.000	0.000	24.03125	WAIT
280.500282	0.001	0.000	23.9765625	WAIT
281.002506	0.000	0.000	24.0	WAIT
281.500284	0.000	0.000	23.9609375	WAIT
282.005454	0.000	0.000	23.921875	WAIT
282.500304	0.001	0.000	24.015625	WAIT
283.008936	0.001	0.000	23.9609375	WAIT
283.500330	0.001	0.000	24.0	WAIT
284.003593	0.001	0.000	23.8515625	WAIT
284.500280	0.001	0.000	24.0	WAIT
285.005468	0.001	0.000	23.8828125	WAIT
285.500287	0.000	0.000	23.8671875	WAIT
286.003697	0.000	0.000	23.828125	WAIT
286.500274	0.000	0.000	23.9609375	WAIT
287.005419	0.001	0.000	23.796875	WAIT
287.500342	0.001	0.000	23.828125	WAIT
288.004392	0.000	0.000	23.828125	WAIT
288.500286	0.001	0.000	23.8671875	WAIT
289.005369	0.001	0.000	23.828125	WAIT
289.500351	0.001	0.000	23.8671875	WAIT
290.005537	0.001	0.000	23.7265625	WAIT
290.500375	0.001	0.000	23.9609375	WAIT
291.000300	0.001	0.000	23.796875	WAIT
291.500318	0.000	0.000	23.796875	WAIT
292.000314	0.001	0.000	23.8671875	WAIT
292.500361	0.001	0.000	23.8828125	WAIT
293.004898	0.000	0.000	23.7578125	WAIT
293.500300	0.001	0.000	23.8515625	WAIT
294.000272	0.001	0.000	23.7734375	WAIT
294.500347	0.001	0.000	23.828125	WAIT
295.005272	0.001	0.000	23.828125	WAIT
295.500303	0.001	0.000	23.6484375	WAIT
296.001317	0.000	0.000	23.796875	WAIT
296.500434	0.001	0.000	23.7734375	WAIT
297.000297	0.001	0.000	23.6875	WAIT
297.500527	0.001	0.000	23.703125	WAIT
298.001223	0.001	0.000	23.6875	WAIT
298.500314	0.001	0.000	23.703125	WAIT
299.003123	0.001	0.000	23.6875	WAIT
299.500289	0.000	0.000	23.7265625	WAIT
300.005483	0.001	0.000	23.6640625	WAIT
300.500323	0.001	0.000	23.7421875	WAIT
301.000204	0.001	0.000	23.7734375	WAIT
301.500341	0.001	0.000	23.828125	WAIT
302.000480	0.001	0.000	23.7578125	WAIT
302.500330	0.000	0.000	23.6875	WAIT
303.001740	0.001	0.000	23.5234375	WAIT
303.500281	0.001	0.000	23.59375	WAIT
304.063816	0.000	0.000	23.703125	WAIT
304.500193	0.001	0.000	23.703125	WAIT
305.004399	0.000	0.000	23.578125	WAIT
305.500342	0.001	0.000	23.7265625	WAIT
306.000275	0.001	0.000	23.5390625	WAIT
306.500309	0.001	0.000	23.5	WAIT
307.007307	0.001	0.000	23.7421875	WAIT
307.500341	0.001	0.000	23.6328125	WAIT
308.006376	0.000	0.000	23.5546875	WAIT
308.500294	0.001	0.000	23.6875	WAIT
309.001836	0.001	0.000	23.609375	WAIT
309.500302	0.000	0.000	23.59375	WAIT
310.000294	0.000	0.000	23.6875	WAIT
310.500292	0.001	0.000	23.6328125	WAIT
311.001458	0.001	0.000	23.59375	WAIT
311.500284	0.001	0.000	23.59375	WAIT
312.000611	0.001	0.000	23.5	WAIT
312.500291	0.000	0.000	23.5	WAIT
313.005445	0.001	0.000	23.484375	WAIT
313.500287	0.001	0.000	23.5234375	WAIT
314.005465	0.001	0.000	23.46875	WAIT
314.500330	0.001	0.000	23.484375	WAIT
315.001287	0.001	0.000	23.484375	WAIT
315.500341	0.001	0.000	23.59375	WAIT
316.000304	0.001	0.000	23.46875	WAIT
316.500300	0.001	0.000	23.4296875	WAIT
317.009815	0.000	0.000	23.59375	WAIT
317.500258	0.001	0.000	23.578125	WAIT
318.005411	0.001	0.000	23.4140625	WAIT
318.500261	0.001	0.000	23.5546875	WAIT
319.005013	0.000	0.000	23.390625	WAIT
319.500342	0.001	0.000	23.4140625	WAIT
320.001463	0.001	0.000	23.359375	WAIT
320.500300	0.001	0.000	23.4140625	WAIT
321.001642	0.001	0.000	23.484375	WAIT
321.500306	0.000	0.000	23.390625	WAIT
322.005493	0.000	0.000	23.375	WAIT
322.500427	0.001	0.000	23.4140625	WAIT
323.004789	0.001	0.000	23.46875	WAIT
323.500295	0.000	0.000	23.46875	WAIT
324.003801	0.000	0.000	23.375	WAIT
324.500307	0.001	0.000	23.484375	WAIT
325.005242	0.001	0.000	23.4140625	WAIT
325.500293	0.001	0.000	23.5	WAIT
326.002576	0.001	0.000	23.4296875	WAIT
326.500278	0.001	0.000	23.390625	WAIT
327.000310	0.001	0.000	23.46875	WAIT
327.500292	0.001	0.000	23.4140625	WAIT
328.008531	0.001	0.000	23.4140625	WAIT
328.500327	0.001	0.000	23.375	WAIT
329.003285	0.001	0.000	23.359375	WAIT
329.500364	0.001	0.000	23.3046875	WAIT
330.004539	0.001	0.000	23.359375	WAIT
330.500297	0.001	0.000	23.3203125	WAIT
331.000264	0.000	0.000	23.3359375	WAIT
331.500303	0.001	0.000	23.390625	WAIT
332.003044	0.000	0.000	23.3203125	WAIT
332.500308	0.001	0.000	23.359375	WAIT
333.000281	0.001	0.000	23.25	WAIT
333.500314	0.001	0.000	23.4296875	WAIT
334.003173	0.001	0.000	23.265625	WAIT
334.500276	0.000	0.000	23.265625	WAIT
335.000296	0.001	0.000	23.28125	WAIT
335.508379	0.001	0.000	23.2109375	WAIT
336.007042	0.001	0.000	23.265625	WAIT
336.500342	0.001	0.000	23.28125	WAIT
337.001703	0.000	0.000	23.28125	WAIT
337.500345	0.000	0.000	23.3359375	WAIT
338.005407	0.001	0.000	23.390625	WAIT
338.500285	0.001	0.000	23.28125	WAIT
339.001870	0.001	0.000	23.28125	WAIT
339.500369	0.000	0.000	23.265625	WAIT
