#Resonance Frequency: 570500.000 kHz
#Set Current: 16.42 A
Time [s]	Current [A]	Voltage [V]	T0 [degC]	State
0.000042	0.000	0.000	29.7265625	BEFORE
0.500206	0.000	0.000	29.78125	BEFORE
1.002948	0.001	0.000	29.5703125	BEFORE
1.500276	0.000	0.000	29.75	BEFORE
2.000212	0.001	0.000	29.6953125	BEFORE
2.500262	0.000	0.000	29.640625	BEFORE
3.000030	0.001	0.000	29.6015625	BEFORE
3.500274	0.000	0.000	29.6015625	BEFORE
4.000015	0.000	0.000	29.6171875	BEFORE
4.500213	0.001	0.000	29.515625	BEFORE
4.999986	0.001	0.000	29.5859375	BEFORE
5.500245	0.000	0.000	29.4921875	BEFORE
6.000151	0.001	0.000	29.4375	BEFORE
6.500206	0.001	0.000	29.4375	BEFORE
7.000053	0.000	0.000	29.4921875	BEFORE
7.500196	0.000	0.000	29.328125	BEFORE
8.000703	0.001	0.000	29.3828125	BEFORE
8.500232	0.000	0.000	29.4375	BEFORE
9.000114	0.000	0.000	29.4375	BEFORE
9.500258	0.001	0.000	29.40625	BEFORE
10.000109	0.000	0.000	29.3515625	BEFORE
10.500371	0.001	0.000	29.2421875	BEFORE
11.002247	0.000	0.000	29.3671875	BEFORE
11.500216	0.001	0.000	29.3125	BEFORE
12.005181	0.000	0.000	29.2265625	BEFORE
12.500210	0.001	0.000	29.3125	BEFORE
13.000036	0.001	0.000	29.3125	BEFORE
13.500214	0.000	0.000	29.2421875	BEFORE
14.000192	0.001	0.000	29.1875	BEFORE
14.500225	0.001	0.000	29.171875	BEFORE
15.000170	0.000	0.000	29.09375	BEFORE
15.500231	0.001	0.000	29.078125	BEFORE
16.000200	0.001	0.000	29.1875	BEFORE
16.500272	0.000	0.000	29.171875	BEFORE
17.000057	0.001	0.000	29.0625	BEFORE
17.500260	0.001	0.000	29.0625	BEFORE
18.013304	0.000	0.000	29.0625	BEFORE
18.500207	0.001	0.000	29.1171875	BEFORE
19.000062	0.001	0.000	29.0390625	BEFORE
19.500220	0.001	0.000	28.96875	BEFORE
20.000320	0.001	0.000	28.9140625	BEFORE
20.500215	0.000	0.000	28.984375	BEFORE
21.000122	0.000	0.000	28.96875	BEFORE
21.500216	0.000	0.000	28.9140625	BEFORE
22.000143	0.001	0.000	28.8203125	BEFORE
22.500226	0.000	0.000	28.9296875	BEFORE
23.001014	0.000	0.000	28.875	BEFORE
23.500223	0.000	0.000	28.8984375	BEFORE
24.002947	0.000	0.000	28.7109375	BEFORE
24.500237	0.001	0.000	28.875	BEFORE
25.000103	0.000	0.000	28.8046875	BEFORE
25.500242	0.001	0.000	28.75	BEFORE
26.001936	0.000	0.000	28.75	BEFORE
26.500250	0.000	0.000	28.7890625	BEFORE
27.000046	0.000	0.000	28.625	BEFORE
27.500259	0.000	0.000	28.6953125	BEFORE
28.000141	0.001	0.000	28.7109375	BEFORE
28.500231	0.000	0.000	28.75	BEFORE
29.004259	0.000	0.000	28.7890625	BEFORE
29.500219	0.000	0.000	28.65625	BEFORE
30.000058	0.001	0.000	28.65625	BEFORE
30.500263	0.001	0.000	28.625	BEFORE
31.008928	0.000	0.000	28.6015625	BEFORE
31.500272	0.000	0.000	28.625	BEFORE
32.000015	0.000	0.000	28.5	BEFORE
32.500210	0.000	0.000	28.625	BEFORE
33.000211	0.001	0.000	28.53125	BEFORE
33.500254	0.001	0.000	28.53125	BEFORE
34.000065	0.001	0.000	28.5	BEFORE
34.500249	0.000	0.000	28.5	BEFORE
35.005071	0.000	0.000	28.421875	BEFORE
35.500205	0.001	0.000	28.4453125	BEFORE
36.000120	0.000	0.000	28.40625	BEFORE
36.500221	0.000	0.000	28.3515625	BEFORE
37.004060	0.000	0.000	28.3515625	BEFORE
37.500223	0.000	0.000	28.3359375	BEFORE
38.000021	0.001	0.000	28.3515625	BEFORE
38.500224	0.000	0.000	28.2734375	BEFORE
39.008243	0.000	0.000	28.2734375	BEFORE
39.500268	0.000	0.000	28.3359375	BEFORE
40.000131	0.001	0.000	28.1328125	BEFORE
40.500304	0.000	0.000	28.2578125	BEFORE
41.000006	0.000	0.000	28.2265625	BEFORE
41.500246	0.001	0.000	28.1875	BEFORE
42.000159	0.001	0.000	28.2265625	BEFORE
42.500249	0.000	0.000	28.09375	BEFORE
43.004205	0.001	0.000	28.09375	BEFORE
43.500218	0.000	0.000	28.2734375	BEFORE
44.000137	0.001	0.000	28.1328125	BEFORE
44.500227	0.001	0.000	28.1171875	BEFORE
45.000160	0.000	0.000	28.1484375	BEFORE
45.500319	0.001	0.000	28.1171875	BEFORE
46.005032	0.000	0.000	28.0078125	BEFORE
46.500166	0.001	0.000	28.0625	BEFORE
47.000272	0.000	0.000	28.1328125	BEFORE
47.500210	0.001	0.000	28.0078125	BEFORE
48.000075	0.001	0.000	27.953125	BEFORE
48.500242	0.000	0.000	27.8984375	BEFORE
49.000114	0.001	0.000	27.953125	BEFORE
49.500215	0.001	0.000	27.984375	BEFORE
50.001011	0.001	0.000	27.9296875	BEFORE
50.500189	0.000	0.000	27.984375	BEFORE
51.005268	0.000	0.000	27.875	BEFORE
51.500207	0.001	0.000	27.828125	BEFORE
52.000148	0.001	0.000	27.9140625	BEFORE
52.500198	0.001	0.000	27.953125	BEFORE
53.000081	0.000	0.000	27.75	BEFORE
53.500211	0.001	0.000	27.859375	BEFORE
54.003777	0.000	0.000	27.875	BEFORE
54.500212	0.000	0.000	27.859375	BEFORE
55.000080	0.001	0.000	27.6953125	BEFORE
55.500204	0.001	0.000	27.734375	BEFORE
56.000134	0.001	0.000	27.6953125	BEFORE
56.500206	0.001	0.000	27.75	BEFORE
57.000026	0.001	0.000	27.7890625	BEFORE
57.500258	0.001	0.000	27.7734375	BEFORE
58.000071	0.001	0.000	27.6953125	BEFORE
58.500623	0.001	0.000	27.71875	BEFORE
59.000010	0.000	0.000	27.6796875	BEFORE
59.500213	0.001	0.000	27.71875	BEFORE
60.003579	0.001	0.000	27.71875	BEFORE
61.000260	16.404	38.851	27.5703125	EXPOSING
61.500275	16.407	38.967	35.953125	EXPOSING
62.002466	16.406	39.090	41.921875	EXPOSING
62.500221	16.406	39.193	46.78125	EXPOSING
63.000038	16.407	39.278	52.7109375	EXPOSING
63.500330	16.407	39.355	55.203125	EXPOSING
63.999982	16.406	39.409	59.328125	EXPOSING
64.500265	16.408	39.477	60.7578125	EXPOSING
64.999933	16.408	39.532	64.0625	EXPOSING
65.500231	16.407	39.588	64.671875	EXPOSING
66.000234	16.407	39.630	66.3203125	EXPOSING
66.500272	16.407	39.668	67.265625	EXPOSING
67.005289	16.407	39.714	68.3515625	EXPOSING
67.500217	16.408	39.746	68.875	EXPOSING
68.002444	16.407	39.789	69.4375	EXPOSING
68.500252	16.408	39.824	69.46875	EXPOSING
69.010386	16.407	39.868	69.7265625	EXPOSING
69.500227	16.408	39.905	69.96875	EXPOSING
70.000194	16.408	39.938	70.015625	EXPOSING
70.500229	16.408	39.965	70.0703125	EXPOSING
71.000200	16.407	39.998	70.2578125	EXPOSING
71.500912	16.407	40.025	70.5	EXPOSING
72.000129	16.407	40.041	70.578125	EXPOSING
72.500220	16.407	40.071	70.7890625	EXPOSING
73.008202	-1	-1	-274	ERROR
73.500193	16.407	40.119	71.1875	EXPOSING
74.002737	16.408	40.147	71.375	EXPOSING
74.500213	16.408	40.170	71.6640625	EXPOSING
75.000120	16.407	40.198	72.0703125	EXPOSING
75.500196	16.408	40.218	72.4140625	EXPOSING
76.000129	16.408	40.243	72.7734375	EXPOSING
76.500211	16.407	40.260	73.171875	EXPOSING
77.000142	16.407	40.278	73.609375	EXPOSING
77.500237	16.408	40.292	73.9453125	EXPOSING
78.000034	16.407	40.311	74.515625	EXPOSING
78.500214	16.408	40.329	74.8671875	EXPOSING
79.002868	16.408	40.349	75.484375	EXPOSING
79.500323	16.407	40.360	76.2109375	EXPOSING
80.000174	16.407	40.378	76.9765625	EXPOSING
80.500216	16.408	40.394	77.7109375	EXPOSING
81.000160	16.407	40.410	78.609375	EXPOSING
81.500197	16.408	40.426	79.0546875	EXPOSING
82.002485	16.407	40.438	79.9375	EXPOSING
82.500191	16.408	40.450	80.515625	EXPOSING
83.003737	16.407	40.461	81.21875	EXPOSING
83.500206	16.408	40.471	81.9296875	EXPOSING
84.005388	16.407	40.482	82.5625	EXPOSING
84.500205	16.406	40.491	83.2890625	EXPOSING
85.000194	16.407	40.501	84.0390625	EXPOSING
85.500210	16.407	40.513	84.6484375	EXPOSING
86.000198	16.407	40.526	85.3359375	EXPOSING
86.500375	16.407	40.535	86.0078125	EXPOSING
87.000138	16.408	40.546	86.875	EXPOSING
87.500260	16.408	40.558	87.3125	EXPOSING
88.000195	16.408	40.567	87.859375	EXPOSING
88.500235	16.408	40.582	88.4140625	EXPOSING
89.005376	16.408	40.588	88.984375	EXPOSING
89.500272	16.407	40.599	89.3515625	EXPOSING
90.001643	16.407	40.611	89.9296875	EXPOSING
90.500217	16.407	40.615	90.5625	EXPOSING
91.000103	16.408	40.624	91.21875	EXPOSING
91.500231	16.408	40.631	91.6796875	EXPOSING
92.000013	16.407	40.644	92.4453125	EXPOSING
92.500276	16.408	40.649	92.734375	EXPOSING
93.000212	16.408	40.657	93.1796875	EXPOSING
93.500203	16.407	40.661	93.6796875	EXPOSING
94.000108	16.407	40.671	94.2890625	EXPOSING
94.500255	16.408	40.680	94.703125	EXPOSING
95.000143	16.408	40.684	95.3046875	EXPOSING
95.500209	16.408	40.694	95.6328125	EXPOSING
96.002082	16.407	40.705	96.3125	EXPOSING
96.500259	16.408	40.706	96.7421875	EXPOSING
97.000092	16.407	40.715	97.2734375	EXPOSING
97.500215	16.406	40.719	97.6015625	EXPOSING
98.002324	16.407	40.725	97.9453125	EXPOSING
98.500218	16.407	40.737	98.375	EXPOSING
99.000117	16.408	40.739	98.7890625	EXPOSING
99.500207	16.407	40.747	99.1015625	EXPOSING
100.000179	16.407	40.755	99.5703125	EXPOSING
100.500259	16.407	40.759	99.828125	EXPOSING
101.000212	16.408	40.762	100.34375	EXPOSING
101.500234	16.407	40.770	100.734375	EXPOSING
102.000157	16.407	40.776	101.1796875	EXPOSING
102.500208	16.408	40.789	101.625	EXPOSING
103.003987	16.408	40.796	101.96875	EXPOSING
103.500248	16.407	40.801	102.21875	EXPOSING
104.000013	16.408	40.807	102.875	EXPOSING
104.500204	16.408	40.815	103.203125	EXPOSING
105.000026	16.408	40.822	103.7265625	EXPOSING
105.500599	16.407	40.820	103.9609375	EXPOSING
106.000065	16.408	40.827	104.3828125	EXPOSING
106.500200	16.407	40.836	104.59375	EXPOSING
107.005335	16.408	40.839	105.0546875	EXPOSING
107.500213	16.408	40.841	105.3203125	EXPOSING
108.034672	16.406	40.853	105.609375	EXPOSING
108.500138	16.408	40.854	106.0	EXPOSING
109.000124	16.408	40.866	106.359375	EXPOSING
109.500218	16.407	40.866	106.609375	EXPOSING
110.000210	16.407	40.868	106.953125	EXPOSING
110.500231	16.407	40.872	107.265625	EXPOSING
111.002677	16.407	40.880	107.5390625	EXPOSING
111.500357	16.407	40.883	107.8984375	EXPOSING
112.000139	16.407	40.891	108.3046875	EXPOSING
112.500279	16.407	40.892	108.453125	EXPOSING
113.000117	16.408	40.898	108.8515625	EXPOSING
113.500280	16.408	40.900	109.140625	EXPOSING
114.002720	16.408	40.909	109.3359375	EXPOSING
114.500228	16.408	40.914	109.6328125	EXPOSING
115.000140	16.407	40.915	109.9375	EXPOSING
115.500215	16.408	40.922	110.25	EXPOSING
116.005335	16.408	40.936	110.5078125	EXPOSING
116.500262	16.408	40.931	110.7734375	EXPOSING
117.000204	16.407	40.940	111.046875	EXPOSING
117.500247	16.408	40.945	111.3203125	EXPOSING
118.000192	16.407	40.953	111.7421875	EXPOSING
118.500282	16.408	40.952	111.890625	EXPOSING
119.000135	16.408	40.960	112.25	EXPOSING
119.500209	16.408	40.966	112.46875	EXPOSING
120.000194	16.407	40.966	112.734375	EXPOSING
120.500223	16.408	40.978	113.0078125	EXPOSING
121.000136	16.408	40.978	113.25	EXPOSING
121.500200	16.408	40.984	113.3359375	EXPOSING
122.003342	16.408	40.986	113.65625	EXPOSING
122.500209	16.408	40.992	113.8515625	EXPOSING
123.003753	16.408	40.998	114.1953125	EXPOSING
123.500237	16.407	41.002	114.484375	EXPOSING
124.000145	16.407	41.008	114.8046875	EXPOSING
124.500245	16.407	41.018	115.0390625	EXPOSING
125.004451	16.407	41.024	115.40625	EXPOSING
125.500213	16.407	41.023	115.6328125	EXPOSING
126.000134	16.408	41.021	115.8828125	EXPOSING
126.500209	16.407	41.028	116.0703125	EXPOSING
127.005183	16.407	41.032	116.5078125	EXPOSING
127.500201	16.408	41.036	116.734375	EXPOSING
128.000455	16.407	41.042	117.046875	EXPOSING
128.500226	16.408	41.051	117.3125	EXPOSING
129.000130	16.407	41.056	117.7890625	EXPOSING
129.500345	16.408	41.060	117.9921875	EXPOSING
130.000156	16.408	41.073	118.28125	EXPOSING
130.500230	16.408	41.079	118.5234375	EXPOSING
131.000009	16.407	41.084	118.9296875	EXPOSING
131.500490	16.407	41.084	119.0703125	EXPOSING
132.001113	16.408	41.089	119.28125	EXPOSING
132.500233	16.408	41.089	119.4765625	EXPOSING
133.000149	16.407	41.090	119.71875	EXPOSING
133.500212	16.408	41.098	119.875	EXPOSING
134.003876	16.408	41.100	120.0546875	EXPOSING
134.500206	16.407	41.106	120.140625	EXPOSING
135.000134	16.408	41.114	120.2109375	EXPOSING
135.500204	16.408	41.117	120.40625	EXPOSING
136.000124	16.407	41.116	120.6328125	EXPOSING
136.500282	16.407	41.120	120.8984375	EXPOSING
137.003022	16.408	41.126	120.984375	EXPOSING
137.500207	16.408	41.131	121.1328125	EXPOSING
138.000220	16.407	41.137	121.3046875	EXPOSING
138.500274	16.408	41.143	121.6171875	EXPOSING
139.005949	16.408	41.146	121.7890625	EXPOSING
139.500214	16.407	41.148	121.8203125	EXPOSING
140.000142	16.408	41.150	122.140625	EXPOSING
140.500216	16.408	41.156	122.2421875	EXPOSING
141.000164	16.407	41.163	122.4921875	EXPOSING
141.500204	16.407	41.166	122.625	EXPOSING
142.000370	16.408	41.157	122.609375	EXPOSING
142.500205	16.407	41.149	122.890625	EXPOSING
143.004294	16.407	41.158	122.9453125	EXPOSING
143.500196	16.407	41.159	123.0078125	EXPOSING
144.000141	16.407	41.162	123.15625	EXPOSING
144.500208	16.408	41.166	123.390625	EXPOSING
145.002298	16.407	41.171	123.6796875	EXPOSING
145.500839	16.408	41.173	123.890625	EXPOSING
146.000133	16.408	41.178	124.2421875	EXPOSING
146.500234	16.408	41.183	124.2734375	EXPOSING
147.007597	16.408	41.180	124.609375	EXPOSING
147.500213	16.408	41.187	124.828125	EXPOSING
148.003618	16.407	41.188	125.046875	EXPOSING
148.500207	16.408	41.197	125.296875	EXPOSING
149.000149	16.407	41.195	125.4921875	EXPOSING
149.500207	16.407	41.200	125.6796875	EXPOSING
150.000156	16.407	41.204	125.9140625	EXPOSING
150.500200	16.407	41.207	126.015625	EXPOSING
151.000160	16.406	41.207	126.1640625	EXPOSING
151.500266	16.408	41.213	126.1171875	EXPOSING
152.001892	16.408	41.215	126.3515625	EXPOSING
152.500269	16.407	41.218	126.5625	EXPOSING
153.000143	16.408	41.223	126.6796875	EXPOSING
153.500237	16.407	41.228	126.84375	EXPOSING
154.005269	16.408	41.229	126.9296875	EXPOSING
154.500216	16.408	41.235	127.1796875	EXPOSING
155.000127	16.408	41.237	127.2265625	EXPOSING
155.500219	16.407	41.242	127.375	EXPOSING
156.000392	16.408	41.247	127.5	EXPOSING
156.500207	16.408	41.250	127.53125	EXPOSING
157.000148	16.407	41.258	127.6640625	EXPOSING
157.500197	16.408	41.259	127.7265625	EXPOSING
158.000247	16.408	41.263	127.8984375	EXPOSING
158.500207	16.408	41.267	127.9609375	EXPOSING
159.011295	16.408	41.269	128.03125	EXPOSING
159.500213	16.408	41.271	128.109375	EXPOSING
160.000062	16.407	41.271	128.390625	EXPOSING
161.000878	0.070	0.004	127.578125	WAIT
161.500261	0.002	0.000	118.3984375	WAIT
162.000142	0.002	0.000	114.3125	WAIT
162.500185	0.001	0.000	111.7421875	WAIT
163.000150	0.001	0.000	108.9453125	WAIT
163.500308	0.001	0.000	107.0078125	WAIT
164.000213	0.001	0.000	104.6171875	WAIT
164.500273	0.001	0.000	103.3671875	WAIT
165.000176	0.001	0.000	101.375	WAIT
165.500205	0.001	0.000	100.2421875	WAIT
166.000110	0.001	0.000	98.625	WAIT
166.500196	0.001	0.000	97.46875	WAIT
167.000143	0.001	0.000	96.046875	WAIT
167.500235	0.001	0.000	94.984375	WAIT
168.000220	0.001	0.000	93.875	WAIT
168.500291	0.000	0.000	92.828125	WAIT
169.005049	0.000	0.000	91.8515625	WAIT
169.500230	0.000	0.000	90.8515625	WAIT
170.006252	0.001	0.000	89.6484375	WAIT
170.500275	0.001	0.000	89.0	WAIT
171.003618	0.001	0.000	88.1796875	WAIT
171.500210	0.000	0.000	87.3984375	WAIT
172.000152	0.000	0.000	86.40625	WAIT
172.500214	0.000	0.000	85.734375	WAIT
173.000080	0.000	0.000	84.8125	WAIT
173.500198	0.001	0.000	84.1953125	WAIT
174.000139	0.001	0.000	83.5234375	WAIT
174.500365	0.001	0.000	82.9296875	WAIT
175.000198	0.001	0.000	82.296875	WAIT
175.500191	0.000	0.000	81.5234375	WAIT
176.000359	0.000	0.000	80.8515625	WAIT
176.500188	0.000	0.000	80.3984375	WAIT
177.005399	0.000	0.000	79.6171875	WAIT
177.500149	0.000	0.000	79.1640625	WAIT
178.005333	0.000	0.000	78.5859375	WAIT
178.500214	0.000	0.000	77.9765625	WAIT
179.000099	0.000	0.000	77.296875	WAIT
179.500208	0.001	0.000	76.9921875	WAIT
180.002930	0.001	0.000	76.515625	WAIT
180.500235	0.000	0.000	75.9609375	WAIT
181.000147	0.001	0.000	75.4375	WAIT
181.500224	0.000	0.000	75.1640625	WAIT
182.012325	0.001	0.000	74.515625	WAIT
182.500230	0.001	0.000	74.140625	WAIT
183.000198	0.000	0.000	73.6953125	WAIT
183.500285	0.001	0.000	73.265625	WAIT
184.001058	0.000	0.000	72.828125	WAIT
184.500230	0.001	0.000	72.484375	WAIT
185.000144	0.000	0.000	71.9140625	WAIT
185.500242	0.001	0.000	71.609375	WAIT
186.004645	0.000	0.000	71.234375	WAIT
186.500209	0.001	0.000	70.7734375	WAIT
187.004553	0.001	0.000	70.5	WAIT
187.500279	0.001	0.000	70.1015625	WAIT
188.001255	0.001	0.000	69.796875	WAIT
188.500266	0.001	0.000	69.5390625	WAIT
189.000196	0.001	0.000	69.09375	WAIT
189.500253	0.001	0.000	68.765625	WAIT
190.005455	0.001	0.000	68.3515625	WAIT
190.500215	0.001	0.000	68.0625	WAIT
191.000143	0.001	0.000	67.703125	WAIT
191.500293	0.001	0.000	67.546875	WAIT
192.004443	0.001	0.000	67.203125	WAIT
192.500201	0.001	0.000	66.8046875	WAIT
193.000185	0.000	0.000	66.6015625	WAIT
193.501386	0.001	0.000	66.21875	WAIT
194.000192	0.000	0.000	65.875	WAIT
194.500243	0.001	0.000	65.6875	WAIT
195.000154	0.000	0.000	65.3046875	WAIT
195.500279	0.000	0.000	65.0703125	WAIT
196.000124	0.001	0.000	64.7734375	WAIT
196.500279	0.000	0.000	64.5625	WAIT
197.004869	0.001	0.000	64.21875	WAIT
197.500208	0.001	0.000	64.03125	WAIT
198.000148	0.001	0.000	63.7578125	WAIT
198.500238	0.001	0.000	63.6328125	WAIT
199.005268	0.001	0.000	63.359375	WAIT
199.500226	0.001	0.000	63.0625	WAIT
200.001483	0.001	0.000	62.71875	WAIT
200.500235	0.000	0.000	62.5078125	WAIT
201.000220	0.001	0.000	62.453125	WAIT
201.500279	0.001	0.000	62.109375	WAIT
202.000174	0.001	0.000	61.8828125	WAIT
202.500260	0.001	0.000	61.7265625	WAIT
203.000209	0.000	0.000	61.4453125	WAIT
203.500212	0.001	0.000	61.296875	WAIT
204.001924	0.001	0.000	61.0859375	WAIT
204.500280	0.001	0.000	60.875	WAIT
205.005250	0.000	0.000	60.6171875	WAIT
205.500202	0.001	0.000	60.4921875	WAIT
206.004751	0.001	0.000	60.1484375	WAIT
206.500214	0.001	0.000	60.1171875	WAIT
207.000213	0.001	0.000	59.9375	WAIT
207.500226	0.000	0.000	59.8046875	WAIT
208.005289	0.000	0.000	59.46875	WAIT
208.500372	0.000	0.000	59.3125	WAIT
209.000196	0.000	0.000	59.125	WAIT
209.500255	0.001	0.000	59.0390625	WAIT
210.002141	0.000	0.000	58.796875	WAIT
210.500269	0.001	0.000	58.6171875	WAIT
211.000127	0.000	0.000	58.390625	WAIT
211.500228	0.000	0.000	58.3046875	WAIT
212.002599	0.001	0.000	58.1640625	WAIT
212.500294	0.001	0.000	57.9765625	WAIT
213.003022	0.001	0.000	57.8125	WAIT
213.500199	0.001	0.000	57.5703125	WAIT
214.000872	0.001	0.000	57.3671875	WAIT
214.500196	0.000	0.000	57.1875	WAIT
215.000211	0.000	0.000	57.171875	WAIT
215.500386	0.001	0.000	56.84375	WAIT
216.000121	0.001	0.000	56.890625	WAIT
216.500400	0.000	0.000	56.7734375	WAIT
217.000198	0.000	0.000	56.6171875	WAIT
217.500206	0.000	0.000	56.40625	WAIT
218.000223	0.000	0.000	56.296875	WAIT
218.500215	0.001	0.000	56.125	WAIT
219.008866	0.001	0.000	56.0390625	WAIT
219.500199	0.000	0.000	55.8671875	WAIT
220.000222	0.001	0.000	55.671875	WAIT
220.500230	0.000	0.000	55.375	WAIT
221.000912	0.001	0.000	55.390625	WAIT
221.500217	0.000	0.000	55.3046875	WAIT
222.000201	0.001	0.000	55.234375	WAIT
222.500202	0.001	0.000	54.8828125	WAIT
223.000228	0.000	0.000	54.671875	WAIT
223.500262	0.000	0.000	54.6953125	WAIT
224.000112	0.001	0.000	54.53125	WAIT
224.500232	0.000	0.000	54.46875	WAIT
225.001637	0.001	0.000	54.2578125	WAIT
225.500209	0.001	0.000	54.2578125	WAIT
226.000135	0.000	0.000	53.9375	WAIT
226.500219	0.001	0.000	53.921875	WAIT
227.000172	0.001	0.000	53.796875	WAIT
227.500208	0.000	0.000	53.75	WAIT
228.000202	0.001	0.000	53.5859375	WAIT
228.500206	0.001	0.000	53.484375	WAIT
229.000143	0.001	0.000	53.2421875	WAIT
229.500254	0.001	0.000	53.171875	WAIT
230.005283	0.001	0.000	53.171875	WAIT
230.500233	0.000	0.000	53.0078125	WAIT
231.000112	0.000	0.000	52.90625	WAIT
231.500345	0.000	0.000	52.78125	WAIT
232.002027	0.000	0.000	52.65625	WAIT
232.500213	0.001	0.000	52.640625	WAIT
233.000193	0.001	0.000	52.5546875	WAIT
233.500340	0.001	0.000	52.4140625	WAIT
234.005039	0.001	0.000	52.1328125	WAIT
234.500227	0.001	0.000	51.9921875	WAIT
235.000140	0.001	0.000	51.921875	WAIT
235.500208	0.001	0.000	51.78125	WAIT
236.005226	0.001	0.000	51.734375	WAIT
236.500192	0.000	0.000	51.625	WAIT
237.005039	0.001	0.000	51.5546875	WAIT
237.500197	0.000	0.000	51.4296875	WAIT
238.003002	0.000	0.000	51.2890625	WAIT
238.500237	0.000	0.000	51.1484375	WAIT
239.003713	0.001	0.000	51.1640625	WAIT
239.500221	0.001	0.000	51.0078125	WAIT
240.002872	0.000	0.000	50.921875	WAIT
240.500188	0.001	0.000	50.8515625	WAIT
241.000201	0.000	0.000	50.65625	WAIT
241.500206	0.000	0.000	50.7109375	WAIT
242.000210	0.001	0.000	50.5390625	WAIT
242.500203	0.001	0.000	50.5390625	WAIT
243.000215	0.001	0.000	50.4140625	WAIT
243.500213	0.001	0.000	50.2890625	WAIT
244.000216	0.001	0.000	50.203125	WAIT
244.500254	0.000	0.000	50.0234375	WAIT
245.003740	0.000	0.000	49.9921875	WAIT
245.500230	0.000	0.000	49.8828125	WAIT
246.000130	0.001	0.000	49.8125	WAIT
246.500261	0.000	0.000	49.6875	WAIT
247.006600	0.001	0.000	49.5546875	WAIT
247.500226	0.001	0.000	49.53125	WAIT
248.000164	0.000	0.000	49.4609375	WAIT
248.500214	0.000	0.000	49.375	WAIT
249.005316	0.001	0.000	49.25	WAIT
249.500190	0.001	0.000	49.21875	WAIT
250.000146	0.000	0.000	48.984375	WAIT
250.500208	0.001	0.000	49.109375	WAIT
251.002661	0.000	0.000	49.0078125	WAIT
251.500335	0.000	0.000	48.9375	WAIT
252.000210	0.001	0.000	48.8125	WAIT
252.501370	0.001	0.000	48.6328125	WAIT
253.000140	0.001	0.000	48.5859375	WAIT
253.500233	0.001	0.000	48.53125	WAIT
254.000206	0.001	0.000	48.4765625	WAIT
254.500206	0.001	0.000	48.4453125	WAIT
255.000152	0.001	0.000	48.3359375	WAIT
255.500291	0.001	0.000	48.3203125	WAIT
256.000133	0.001	0.000	48.0859375	WAIT
256.500226	0.001	0.000	48.0859375	WAIT
257.005397	0.001	0.000	48.0	WAIT
257.500225	0.001	0.000	47.9140625	WAIT
258.003886	0.001	0.000	47.734375	WAIT
258.500185	0.001	0.000	47.71875	WAIT
259.000208	0.001	0.000	47.5078125	WAIT
259.500263	0.000	0.000	47.3984375	WAIT
260.005286	0.001	0.000	47.453125	WAIT
260.500238	0.000	0.000	47.3515625	WAIT
261.000229	0.000	0.000	47.2265625	WAIT
261.500258	0.001	0.000	47.15625	WAIT
262.005588	0.001	0.000	47.0625	WAIT
262.500216	0.000	0.000	47.0859375	WAIT
263.000189	0.001	0.000	46.9609375	WAIT
263.500264	0.001	0.000	46.8203125	WAIT
264.012148	0.001	0.000	46.8515625	WAIT
264.500208	0.001	0.000	46.6953125	WAIT
265.000130	0.001	0.000	46.6796875	WAIT
265.500310	0.001	0.000	46.5546875	WAIT
266.000162	0.001	0.000	46.4453125	WAIT
266.500229	0.001	0.000	46.5703125	WAIT
267.000148	0.001	0.000	46.359375	WAIT
267.500244	0.001	0.000	46.359375	WAIT
268.000219	0.000	0.000	46.203125	WAIT
268.500202	0.001	0.000	46.109375	WAIT
269.005271	0.001	0.000	46.078125	WAIT
269.500184	0.001	0.000	46.1328125	WAIT
270.000154	0.001	0.000	45.8984375	WAIT
270.500203	0.000	0.000	45.953125	WAIT
271.000167	0.000	0.000	45.8125	WAIT
271.500210	0.001	0.000	45.7734375	WAIT
272.001151	0.001	0.000	45.6171875	WAIT
272.500203	0.001	0.000	45.7265625	WAIT
273.000144	0.000	0.000	45.5859375	WAIT
273.500210	0.000	0.000	45.4765625	WAIT
274.005283	0.001	0.000	45.421875	WAIT
274.500412	0.001	0.000	45.40625	WAIT
275.000121	0.001	0.000	45.296875	WAIT
275.500202	0.000	0.000	45.2265625	WAIT
276.000250	0.001	0.000	45.140625	WAIT
276.500199	0.000	0.000	45.2265625	WAIT
277.005392	0.001	0.000	44.9453125	WAIT
277.500182	0.001	0.000	45.03125	WAIT
278.004083	0.000	0.000	44.9453125	WAIT
278.500264	0.001	0.000	44.8203125	WAIT
279.000214	0.001	0.000	44.640625	WAIT
279.500227	0.001	0.000	44.71875	WAIT
280.005393	0.001	0.000	44.625	WAIT
280.500215	0.000	0.000	44.5546875	WAIT
281.001886	0.001	0.000	44.5234375	WAIT
281.500273	0.001	0.000	44.5	WAIT
282.004246	0.001	0.000	44.359375	WAIT
282.500214	0.001	0.000	44.3984375	WAIT
283.000244	0.000	0.000	44.2890625	WAIT
283.500283	0.001	0.000	44.2734375	WAIT
284.003413	0.001	0.000	44.0625	WAIT
284.500216	0.001	0.000	43.9921875	WAIT
285.004307	0.000	0.000	44.0234375	WAIT
285.500194	0.001	0.000	43.8671875	WAIT
286.000192	0.001	0.000	43.8828125	WAIT
286.500217	0.000	0.000	43.9375	WAIT
287.000333	0.001	0.000	43.7265625	WAIT
287.500203	0.001	0.000	43.6171875	WAIT
288.000205	0.001	0.000	43.703125	WAIT
288.500207	0.001	0.000	43.4609375	WAIT
289.000172	0.001	0.000	43.4765625	WAIT
289.500226	0.001	0.000	43.5859375	WAIT
290.000746	0.001	0.000	43.3515625	WAIT
290.500242	0.001	0.000	43.3359375	WAIT
291.000161	0.001	0.000	43.3203125	WAIT
291.500206	0.001	0.000	43.3359375	WAIT
292.003417	0.001	0.000	43.1953125	WAIT
292.500190	0.001	0.000	43.0703125	WAIT
293.000117	0.001	0.000	43.0	WAIT
293.500265	0.001	0.000	43.0	WAIT
294.005273	0.001	0.000	42.9296875	WAIT
294.500213	0.001	0.000	42.890625	WAIT
295.000126	0.001	0.000	42.765625	WAIT
295.500206	0.001	0.000	42.8046875	WAIT
296.005294	0.001	0.000	42.640625	WAIT
296.500265	0.001	0.000	42.609375	WAIT
297.000206	0.001	0.000	42.609375	WAIT
297.500208	0.001	0.000	42.625	WAIT
298.000195	0.001	0.000	42.4296875	WAIT
298.500254	0.001	0.000	42.34375	WAIT
299.005471	0.000	0.000	42.25	WAIT
299.500182	0.000	0.000	42.390625	WAIT
300.000131	0.001	0.000	42.234375	WAIT
300.500202	0.001	0.000	42.21875	WAIT
301.001501	0.001	0.000	42.1328125	WAIT
301.500206	0.001	0.000	42.078125	WAIT
302.094446	0.001	0.000	42.078125	WAIT
302.500073	0.001	0.000	42.03125	WAIT
303.000129	0.001	0.000	42.09375	WAIT
303.500198	0.000	0.000	41.8984375	WAIT
304.000171	0.001	0.000	41.921875	WAIT
304.500247	0.001	0.000	41.8671875	WAIT
305.000019	0.001	0.000	41.765625	WAIT
305.500308	0.001	0.000	41.7109375	WAIT
306.003800	0.001	0.000	41.6328125	WAIT
306.500235	0.001	0.000	41.671875	WAIT
307.000201	0.000	0.000	41.6171875	WAIT
307.500298	0.001	0.000	41.546875	WAIT
308.004594	0.000	0.000	41.546875	WAIT
308.500265	0.001	0.000	41.3359375	WAIT
309.000216	0.000	0.000	41.3515625	WAIT
309.500227	0.001	0.000	41.28125	WAIT
310.005325	0.001	0.000	41.171875	WAIT
310.500260	0.001	0.000	41.1953125	WAIT
311.000221	0.001	0.000	41.140625	WAIT
311.500254	0.000	0.000	41.1953125	WAIT
312.002904	0.001	0.000	40.984375	WAIT
312.500214	0.001	0.000	41.03125	WAIT
313.000133	0.001	0.000	40.90625	WAIT
313.500232	0.001	0.000	40.9609375	WAIT
314.001261	0.001	0.000	40.9296875	WAIT
314.500197	0.000	0.000	40.890625	WAIT
315.000224	0.001	0.000	40.78125	WAIT
315.500225	0.001	0.000	40.7109375	WAIT
316.004482	0.001	0.000	40.5859375	WAIT
316.500225	0.001	0.000	40.6953125	WAIT
317.000206	0.001	0.000	40.4921875	WAIT
317.500272	0.001	0.000	40.546875	WAIT
318.006236	0.001	0.000	40.46875	WAIT
318.500212	0.001	0.000	40.4453125	WAIT
319.000210	0.001	0.000	40.390625	WAIT
319.500242	0.001	0.000	40.390625	WAIT
320.001343	0.001	0.000	40.3046875	WAIT
320.500210	0.001	0.000	40.2109375	WAIT
321.000735	0.000	0.000	40.2265625	WAIT
321.500228	0.001	0.000	40.1953125	WAIT
322.001716	0.001	0.000	40.03125	WAIT
322.500217	0.001	0.000	40.03125	WAIT
323.000172	0.001	0.000	40.03125	WAIT
323.500207	0.001	0.000	40.0546875	WAIT
324.005296	0.000	0.000	39.859375	WAIT
324.500243	0.000	0.000	39.9765625	WAIT
325.000093	0.001	0.000	39.8046875	WAIT
325.500270	0.001	0.000	39.859375	WAIT
326.014657	0.001	0.000	39.75	WAIT
326.500203	0.001	0.000	39.7109375	WAIT
327.006410	0.001	0.000	39.65625	WAIT
327.500216	0.001	0.000	39.5	WAIT
328.000282	0.001	0.000	39.484375	WAIT
328.500228	0.001	0.000	39.515625	WAIT
329.000203	0.000	0.000	39.5	WAIT
329.500212	0.000	0.000	39.5	WAIT
330.003384	0.000	0.000	39.375	WAIT
330.500220	0.000	0.000	39.34375	WAIT
331.000127	0.001	0.000	39.4296875	WAIT
331.500264	0.001	0.000	39.234375	WAIT
332.002407	0.001	0.000	39.234375	WAIT
332.500257	0.001	0.000	39.15625	WAIT
333.000899	0.001	0.000	39.140625	WAIT
333.500215	0.000	0.000	39.0390625	WAIT
334.000184	0.001	0.000	38.984375	WAIT
334.500264	0.001	0.000	39.0	WAIT
335.000315	0.001	0.000	38.9296875	WAIT
335.500206	0.000	0.000	38.9453125	WAIT
336.000206	0.000	0.000	38.9453125	WAIT
336.500221	0.001	0.000	38.8046875	WAIT
337.000154	0.000	0.000	38.8359375	WAIT
337.500278	0.001	0.000	38.6953125	WAIT
338.002737	0.001	0.000	38.71875	WAIT
338.500247	0.001	0.000	38.734375	WAIT
339.002162	0.000	0.000	38.640625	WAIT
339.500220	0.001	0.000	38.640625	WAIT
