#Resonance Frequency: 570500.000 kHz
#Set Current: 9.85 A
Time [s]	Current [A]	Voltage [V]	T0 [degC]	State
0.000039	0.000	0.000	21.6328125	BEFORE
0.503950	0.000	0.000	21.671875	BEFORE
0.999955	0.000	0.000	21.671875	BEFORE
1.499747	0.000	0.000	21.6328125	BEFORE
1.999966	0.000	0.000	21.78125	BEFORE
2.502398	0.000	0.000	21.78125	BEFORE
2.999962	0.000	0.000	21.6015625	BEFORE
3.499686	0.000	0.000	21.6171875	BEFORE
3.999954	0.000	0.000	21.546875	BEFORE
4.499752	0.000	0.000	21.7421875	BEFORE
4.999997	0.000	0.000	21.7421875	BEFORE
5.499745	0.000	0.000	21.78125	BEFORE
5.999972	0.000	0.000	21.65625	BEFORE
6.499672	0.000	0.000	21.6015625	BEFORE
6.999992	0.000	0.000	21.6953125	BEFORE
7.502967	0.000	0.000	21.6953125	BEFORE
8.000001	0.000	0.000	21.65625	BEFORE
8.499806	0.001	0.000	21.6328125	BEFORE
8.999951	0.000	0.000	21.7109375	BEFORE
9.500133	0.000	0.000	21.6171875	BEFORE
9.999945	0.000	0.000	21.65625	BEFORE
10.499753	0.000	0.000	21.6953125	BEFORE
10.999930	0.000	0.000	21.671875	BEFORE
11.499736	0.000	0.000	21.671875	BEFORE
11.999955	0.000	0.000	21.7421875	BEFORE
12.499733	0.000	0.000	21.6328125	BEFORE
12.999994	0.001	0.000	21.765625	BEFORE
13.499840	0.000	0.000	21.6953125	BEFORE
13.999996	0.000	0.000	21.6328125	BEFORE
14.499759	0.000	0.000	21.6328125	BEFORE
14.999946	0.000	0.000	21.7109375	BEFORE
15.500514	0.000	0.000	21.5625	BEFORE
15.999918	0.000	0.000	21.5078125	BEFORE
16.499924	0.000	0.000	21.546875	BEFORE
17.000091	0.000	0.000	21.6328125	BEFORE
17.505034	0.000	0.000	21.671875	BEFORE
17.999948	0.000	0.000	21.6953125	BEFORE
18.499923	0.001	0.000	21.546875	BEFORE
18.999975	0.000	0.000	21.6953125	BEFORE
19.499919	0.000	0.000	21.7109375	BEFORE
20.000076	0.000	0.000	21.5234375	BEFORE
20.499935	0.001	0.000	21.765625	BEFORE
20.999970	0.001	0.000	21.5625	BEFORE
21.499766	0.000	0.000	21.671875	BEFORE
22.000008	0.000	0.000	21.578125	BEFORE
22.502852	0.000	0.000	21.546875	BEFORE
22.999967	0.000	0.000	21.578125	BEFORE
23.499773	0.000	0.000	21.5625	BEFORE
23.999964	0.000	0.000	21.546875	BEFORE
24.504916	0.000	0.000	21.46875	BEFORE
24.999869	0.000	0.000	21.6953125	BEFORE
25.499876	0.000	0.000	21.5625	BEFORE
26.000017	0.000	0.000	21.5234375	BEFORE
26.499830	0.000	0.000	21.5078125	BEFORE
26.999931	0.000	0.000	21.578125	BEFORE
27.500055	0.000	0.000	21.6328125	BEFORE
27.999956	0.000	0.000	21.65625	BEFORE
28.499922	0.000	0.000	21.6328125	BEFORE
28.999945	0.000	0.000	21.6015625	BEFORE
29.499683	0.000	0.000	21.6015625	BEFORE
29.999960	0.001	0.000	21.7109375	BEFORE
30.500032	0.000	0.000	21.65625	BEFORE
30.999994	0.000	0.000	21.6328125	BEFORE
31.499762	0.000	0.000	21.65625	BEFORE
32.000005	0.000	0.000	21.7109375	BEFORE
32.503652	0.000	0.000	21.5078125	BEFORE
33.000002	0.000	0.000	21.578125	BEFORE
33.499735	0.000	0.000	21.46875	BEFORE
34.000003	0.000	0.000	21.5078125	BEFORE
34.499928	0.000	0.000	21.6015625	BEFORE
34.999959	0.000	0.000	21.6328125	BEFORE
35.499772	0.001	0.000	21.5078125	BEFORE
36.000105	0.000	0.000	21.546875	BEFORE
36.499806	0.000	0.000	21.5234375	BEFORE
36.999956	0.000	0.000	21.453125	BEFORE
37.500021	0.000	0.000	21.6328125	BEFORE
37.999983	0.000	0.000	21.6328125	BEFORE
38.499742	0.001	0.000	21.46875	BEFORE
38.999988	0.000	0.000	21.6953125	BEFORE
39.506207	0.000	0.000	21.671875	BEFORE
40.000000	0.000	0.000	21.546875	BEFORE
40.499753	0.001	0.000	21.5078125	BEFORE
40.999953	0.000	0.000	21.6015625	BEFORE
41.523749	0.000	0.000	21.5234375	BEFORE
41.999941	0.001	0.000	21.6015625	BEFORE
42.499760	0.000	0.000	21.6171875	BEFORE
43.000188	0.000	0.000	21.546875	BEFORE
43.499917	0.001	0.000	21.5234375	BEFORE
43.999969	0.000	0.000	21.578125	BEFORE
44.499747	0.000	0.000	21.5078125	BEFORE
44.999932	0.001	0.000	21.6328125	BEFORE
45.502443	0.001	0.000	21.6015625	BEFORE
45.999922	0.000	0.000	21.65625	BEFORE
46.502696	0.000	0.000	21.4921875	BEFORE
47.000003	0.000	0.000	21.6171875	BEFORE
47.499718	0.000	0.000	21.5078125	BEFORE
47.999947	0.001	0.000	21.6171875	BEFORE
48.500690	0.001	0.000	21.6015625	BEFORE
48.999930	0.001	0.000	21.6171875	BEFORE
49.499829	0.000	0.000	21.578125	BEFORE
49.999938	0.001	0.000	21.6328125	BEFORE
50.503253	0.000	0.000	21.65625	BEFORE
50.999938	0.000	0.000	21.453125	BEFORE
51.499925	0.000	0.000	21.6015625	BEFORE
52.000010	0.000	0.000	21.4375	BEFORE
52.499735	0.001	0.000	21.578125	BEFORE
52.999940	0.000	0.000	21.65625	BEFORE
53.499935	0.001	0.000	21.46875	BEFORE
53.999958	0.000	0.000	21.4921875	BEFORE
54.499944	0.001	0.000	21.578125	BEFORE
54.999978	0.000	0.000	21.6953125	BEFORE
55.499969	0.001	0.000	21.578125	BEFORE
55.999947	0.001	0.000	21.5234375	BEFORE
56.499756	0.001	0.000	21.5625	BEFORE
56.999968	0.000	0.000	21.6015625	BEFORE
57.502313	0.001	0.000	21.5234375	BEFORE
57.999986	0.001	0.000	21.453125	BEFORE
58.499826	0.000	0.000	21.5234375	BEFORE
58.999944	0.000	0.000	21.4921875	BEFORE
59.501944	0.000	0.000	21.5625	BEFORE
59.999992	0.001	0.000	21.5234375	BEFORE
60.999867	9.842	22.567	21.6171875	EXPOSING
61.499916	9.843	22.589	23.828125	EXPOSING
62.000603	9.844	22.603	25.453125	EXPOSING
62.499854	9.843	22.616	26.7890625	EXPOSING
62.999961	9.844	22.627	27.734375	EXPOSING
63.500087	9.843	22.636	28.6015625	EXPOSING
63.999974	9.844	22.642	29.3671875	EXPOSING
64.499812	9.843	22.649	30.109375	EXPOSING
64.999926	9.843	22.656	30.5625	EXPOSING
65.499810	9.842	22.661	31.1640625	EXPOSING
65.999930	9.844	22.667	31.5234375	EXPOSING
66.499767	9.844	22.673	31.9765625	EXPOSING
66.999925	9.844	22.676	32.1015625	EXPOSING
67.499922	9.843	22.681	32.5703125	EXPOSING
67.999985	9.844	22.687	32.8046875	EXPOSING
68.499921	9.844	22.690	33.1328125	EXPOSING
69.000699	9.843	22.696	33.3125	EXPOSING
69.499735	9.843	22.700	33.765625	EXPOSING
69.999965	9.844	22.705	33.8515625	EXPOSING
70.501384	9.844	22.707	34.109375	EXPOSING
70.999948	9.842	22.713	34.3203125	EXPOSING
71.499855	9.843	22.719	34.5	EXPOSING
71.999934	9.843	22.723	34.5	EXPOSING
72.504570	9.843	22.725	34.8203125	EXPOSING
72.999929	9.844	22.729	34.96875	EXPOSING
73.499840	9.844	22.734	35.125	EXPOSING
73.999922	9.843	22.738	35.203125	EXPOSING
74.499790	9.843	22.742	35.4921875	EXPOSING
74.999991	9.844	22.745	35.6171875	EXPOSING
75.503185	9.843	22.749	35.703125	EXPOSING
75.999972	9.843	22.753	35.7421875	EXPOSING
76.499861	9.844	22.757	36.046875	EXPOSING
76.999961	9.843	22.760	35.9921875	EXPOSING
77.505856	9.843	22.763	36.296875	EXPOSING
78.000005	9.843	22.766	36.2578125	EXPOSING
78.499794	9.843	22.770	36.4453125	EXPOSING
78.999942	9.843	22.773	36.515625	EXPOSING
79.499784	9.844	22.775	36.6171875	EXPOSING
79.999989	9.843	22.778	36.7265625	EXPOSING
80.499822	9.843	22.781	36.890625	EXPOSING
80.999925	9.843	22.785	37.0546875	EXPOSING
81.500071	9.843	22.788	37.1953125	EXPOSING
81.999942	9.843	22.790	37.1953125	EXPOSING
82.499910	9.843	22.792	37.3046875	EXPOSING
82.999972	9.843	22.794	37.4453125	EXPOSING
83.499845	9.844	22.797	37.4609375	EXPOSING
83.999939	9.843	22.800	37.515625	EXPOSING
84.499873	9.844	22.802	37.6640625	EXPOSING
84.999931	9.843	22.806	37.7265625	EXPOSING
85.499767	9.843	22.808	37.859375	EXPOSING
85.999999	9.843	22.810	37.9453125	EXPOSING
86.499927	9.845	22.813	37.8203125	EXPOSING
86.999969	9.844	22.815	38.0859375	EXPOSING
87.499797	9.843	22.817	38.125	EXPOSING
87.999924	9.844	22.819	38.0	EXPOSING
88.499823	9.843	22.821	38.25	EXPOSING
89.005065	9.843	22.822	38.265625	EXPOSING
89.499838	9.844	22.825	38.265625	EXPOSING
90.000006	9.843	22.826	38.375	EXPOSING
90.499806	9.844	22.828	38.4453125	EXPOSING
90.999930	9.844	22.831	38.5703125	EXPOSING
91.499960	9.844	22.831	38.5859375	EXPOSING
91.999945	9.844	22.834	38.6640625	EXPOSING
92.501613	9.844	22.836	38.6796875	EXPOSING
92.999920	9.843	22.837	38.8359375	EXPOSING
93.506300	9.843	22.838	38.765625	EXPOSING
93.999872	9.843	22.842	38.8046875	EXPOSING
94.500597	9.843	22.842	39.0	EXPOSING
94.999991	9.844	22.844	38.9609375	EXPOSING
95.499855	9.843	22.845	38.984375	EXPOSING
95.999940	9.843	22.846	39.09375	EXPOSING
96.499866	9.843	22.847	39.15625	EXPOSING
96.999981	9.847	22.848	39.1953125	EXPOSING
97.499944	9.843	22.851	39.1953125	EXPOSING
98.000000	9.843	22.852	39.34375	EXPOSING
98.499875	9.843	22.855	39.390625	EXPOSING
98.999972	9.843	22.855	39.2890625	EXPOSING
99.499824	9.843	22.856	39.34375	EXPOSING
99.999974	9.843	22.858	39.4453125	EXPOSING
100.499859	9.843	22.859	39.4609375	EXPOSING
100.999953	9.843	22.860	39.5546875	EXPOSING
101.499830	9.843	22.860	39.5703125	EXPOSING
102.000051	9.843	22.862	39.734375	EXPOSING
102.500962	9.843	22.863	39.65625	EXPOSING
102.999956	9.843	22.864	39.875	EXPOSING
103.499848	9.843	22.865	39.7109375	EXPOSING
103.999989	9.843	22.866	39.75	EXPOSING
104.499860	9.843	22.868	39.9140625	EXPOSING
105.000450	9.843	22.869	39.9296875	EXPOSING
105.499726	9.843	22.871	39.875	EXPOSING
105.999969	9.843	22.873	39.890625	EXPOSING
106.503026	9.843	22.873	40.0546875	EXPOSING
107.000000	9.844	22.874	40.0546875	EXPOSING
107.499852	9.843	22.875	40.0859375	EXPOSING
107.999930	9.843	22.876	40.125	EXPOSING
108.499861	9.843	22.878	40.25	EXPOSING
108.999955	9.843	22.878	40.1953125	EXPOSING
109.499846	9.844	22.879	40.2109375	EXPOSING
109.999953	9.843	22.879	40.28125	EXPOSING
110.499831	9.843	22.880	40.3203125	EXPOSING
110.999963	9.843	22.881	40.3359375	EXPOSING
111.499912	9.844	22.882	40.4140625	EXPOSING
111.999949	9.843	22.883	40.4296875	EXPOSING
112.499917	9.843	22.883	40.4296875	EXPOSING
112.999991	9.843	22.884	40.46875	EXPOSING
113.507854	9.843	22.885	40.46875	EXPOSING
113.999949	9.843	22.885	40.5703125	EXPOSING
114.499779	9.843	22.886	40.640625	EXPOSING
114.999946	9.842	22.889	40.625	EXPOSING
115.499888	9.843	22.889	40.5859375	EXPOSING
115.999936	9.844	22.889	40.734375	EXPOSING
116.499864	9.843	22.890	40.734375	EXPOSING
116.999932	9.843	22.892	40.7421875	EXPOSING
117.499875	9.844	22.892	40.890625	EXPOSING
118.000276	9.844	22.893	40.765625	EXPOSING
118.499876	9.844	22.895	40.9609375	EXPOSING
118.999964	9.844	22.895	40.8359375	EXPOSING
119.499931	9.843	22.894	40.890625	EXPOSING
119.999978	9.843	22.896	40.984375	EXPOSING
120.999887	0.075	0.005	40.875	WAIT
121.499826	0.001	0.000	37.3359375	WAIT
121.999945	0.000	0.000	36.4453125	WAIT
122.499746	0.000	0.000	35.1796875	WAIT
122.999951	0.001	0.000	34.5	WAIT
123.499893	0.000	0.000	33.796875	WAIT
123.999917	0.000	0.000	33.171875	WAIT
124.499821	0.000	0.000	32.5859375	WAIT
124.999971	0.000	0.000	32.28125	WAIT
125.499847	0.000	0.000	31.8125	WAIT
126.000129	0.000	0.000	31.5390625	WAIT
126.500039	0.000	0.000	31.0859375	WAIT
126.999986	0.000	0.000	30.8359375	WAIT
127.504991	0.000	0.000	30.5859375	WAIT
127.999986	0.000	0.000	30.34375	WAIT
128.503300	0.000	0.000	30.09375	WAIT
128.999985	0.000	0.000	30.0	WAIT
129.499872	0.000	0.000	29.8046875	WAIT
130.000008	0.000	0.000	29.5859375	WAIT
130.499802	0.000	0.000	29.3125	WAIT
130.999932	0.000	0.000	29.171875	WAIT
131.499871	0.000	0.000	29.1171875	WAIT
131.999937	0.000	0.000	29.0234375	WAIT
132.499876	0.000	0.000	28.6796875	WAIT
132.999950	0.000	0.000	28.515625	WAIT
133.504233	0.000	0.000	28.4765625	WAIT
134.000033	0.000	0.000	28.3125	WAIT
134.499778	0.000	0.000	28.203125	WAIT
134.999961	0.001	0.000	28.078125	WAIT
135.502255	0.000	0.000	27.953125	WAIT
135.999973	0.000	0.000	27.8984375	WAIT
136.499843	0.000	0.000	27.71875	WAIT
137.007909	0.000	0.000	27.71875	WAIT
137.499765	0.001	0.000	27.4609375	WAIT
137.999962	0.000	0.000	27.5859375	WAIT
138.499837	0.000	0.000	27.5	WAIT
138.999939	0.000	0.000	27.3515625	WAIT
139.499811	0.000	0.000	27.296875	WAIT
139.999955	0.001	0.000	27.2578125	WAIT
140.499855	0.000	0.000	27.1640625	WAIT
140.999937	0.001	0.000	27.0625	WAIT
141.499867	0.000	0.000	27.0390625	WAIT
142.000006	0.000	0.000	26.9140625	WAIT
142.502602	0.001	0.000	26.8984375	WAIT
142.999989	0.000	0.000	26.8046875	WAIT
143.499831	0.000	0.000	26.7109375	WAIT
143.999966	0.000	0.000	26.6953125	WAIT
144.508956	0.000	0.000	26.5703125	WAIT
144.999940	0.000	0.000	26.546875	WAIT
145.499856	0.000	0.000	26.4609375	WAIT
145.999986	0.000	0.000	26.4609375	WAIT
146.506566	0.001	0.000	26.4609375	WAIT
146.999933	0.000	0.000	26.2421875	WAIT
147.499865	0.001	0.000	26.3125	WAIT
147.999942	0.000	0.000	26.3359375	WAIT
148.499825	0.000	0.000	26.1640625	WAIT
149.001226	0.001	0.000	26.1875	WAIT
149.499762	0.000	0.000	26.2578125	WAIT
149.999942	0.001	0.000	26.109375	WAIT
150.500066	0.000	0.000	26.09375	WAIT
150.999937	0.000	0.000	26.0234375	WAIT
151.499846	0.001	0.000	26.0234375	WAIT
151.999984	0.000	0.000	25.75	WAIT
152.501885	0.000	0.000	25.859375	WAIT
152.999949	0.000	0.000	25.78125	WAIT
153.505087	0.000	0.000	25.875	WAIT
153.999896	0.000	0.000	25.78125	WAIT
154.499905	0.000	0.000	25.78125	WAIT
155.000925	0.000	0.000	25.6953125	WAIT
155.499871	0.000	0.000	25.7109375	WAIT
155.999915	0.000	0.000	25.4921875	WAIT
156.504928	0.000	0.000	25.546875	WAIT
156.999903	0.000	0.000	25.5078125	WAIT
157.503689	0.000	0.000	25.5703125	WAIT
157.999924	0.000	0.000	25.6015625	WAIT
158.499861	0.000	0.000	25.453125	WAIT
159.000011	0.000	0.000	25.453125	WAIT
159.502380	0.000	0.000	25.3984375	WAIT
159.999921	0.000	0.000	25.4921875	WAIT
160.499866	0.000	0.000	25.34375	WAIT
160.999928	0.000	0.000	25.2421875	WAIT
161.505064	0.000	0.000	25.3828125	WAIT
161.999940	0.000	0.000	25.2421875	WAIT
162.499927	0.000	0.000	25.2734375	WAIT
162.999995	0.000	0.000	25.1796875	WAIT
163.499927	0.000	0.000	25.21875	WAIT
163.999961	0.000	0.000	25.1484375	WAIT
164.501274	0.000	0.000	25.203125	WAIT
164.999980	0.000	0.000	25.1484375	WAIT
165.499871	0.000	0.000	25.0390625	WAIT
165.999991	0.000	0.000	24.9609375	WAIT
166.502375	0.000	0.000	24.9609375	WAIT
166.999951	0.000	0.000	25.0546875	WAIT
167.499843	0.000	0.000	24.984375	WAIT
167.999947	0.000	0.000	25.0	WAIT
168.508199	0.000	0.000	24.8359375	WAIT
168.999997	0.000	0.000	24.9609375	WAIT
169.499926	0.000	0.000	24.984375	WAIT
169.999972	0.001	0.000	24.875	WAIT
170.499916	0.001	0.000	24.875	WAIT
171.000478	0.000	0.000	24.765625	WAIT
171.499886	0.001	0.000	24.9609375	WAIT
171.999963	0.000	0.000	24.875	WAIT
172.501456	0.000	0.000	24.6875	WAIT
172.999937	0.000	0.000	24.7265625	WAIT
173.499871	0.001	0.000	24.671875	WAIT
173.999994	0.001	0.000	24.7109375	WAIT
174.502005	0.001	0.000	24.6171875	WAIT
174.999929	0.000	0.000	24.671875	WAIT
175.499840	0.000	0.000	24.671875	WAIT
176.000024	0.000	0.000	24.6015625	WAIT
176.499931	0.000	0.000	24.6875	WAIT
177.000028	0.000	0.000	24.578125	WAIT
177.499882	0.000	0.000	24.5078125	WAIT
177.999919	0.001	0.000	24.671875	WAIT
178.502145	0.000	0.000	24.578125	WAIT
178.999912	0.000	0.000	24.5625	WAIT
179.501579	0.000	0.000	24.6015625	WAIT
179.999927	0.000	0.000	24.6171875	WAIT
180.499976	0.001	0.000	24.5078125	WAIT
180.999958	0.000	0.000	24.578125	WAIT
181.499866	0.000	0.000	24.453125	WAIT
181.999937	0.000	0.000	24.453125	WAIT
182.499849	0.000	0.000	24.4375	WAIT
183.000156	0.000	0.000	24.46875	WAIT
183.499849	0.000	0.000	24.453125	WAIT
184.000044	0.001	0.000	24.4921875	WAIT
184.499868	0.000	0.000	24.4921875	WAIT
184.999953	0.000	0.000	24.3984375	WAIT
185.499844	0.000	0.000	24.3046875	WAIT
185.999946	0.000	0.000	24.3046875	WAIT
186.504971	0.001	0.000	24.359375	WAIT
186.999937	0.000	0.000	24.3046875	WAIT
187.499922	0.000	0.000	24.2890625	WAIT
187.999928	0.000	0.000	24.34375	WAIT
188.499930	0.000	0.000	24.3046875	WAIT
188.999975	0.000	0.000	24.21875	WAIT
189.499857	0.000	0.000	24.2734375	WAIT
190.001604	0.000	0.000	24.328125	WAIT
190.499941	0.000	0.000	24.2734375	WAIT
190.999993	0.000	0.000	24.109375	WAIT
191.507225	0.000	0.000	24.328125	WAIT
191.999932	0.000	0.000	24.234375	WAIT
192.499880	0.000	0.000	24.140625	WAIT
192.999941	0.000	0.000	24.234375	WAIT
193.499888	0.000	0.000	24.109375	WAIT
193.999935	0.000	0.000	24.15625	WAIT
194.505051	0.000	0.000	24.25	WAIT
194.999924	0.000	0.000	24.109375	WAIT
195.499939	0.000	0.000	24.234375	WAIT
195.999933	0.000	0.000	24.125	WAIT
196.499929	0.001	0.000	24.0703125	WAIT
196.999973	0.000	0.000	24.125	WAIT
197.499908	0.001	0.000	24.1953125	WAIT
197.999983	0.000	0.000	24.0703125	WAIT
198.499836	0.000	0.000	24.0703125	WAIT
198.999945	0.000	0.000	24.0546875	WAIT
199.504481	0.001	0.000	23.9765625	WAIT
199.999930	0.000	0.000	24.0546875	WAIT
200.499868	0.000	0.000	24.015625	WAIT
200.999953	0.000	0.000	23.9765625	WAIT
201.505008	0.000	0.000	24.0	WAIT
201.999949	0.000	0.000	24.015625	WAIT
202.499943	0.001	0.000	23.9765625	WAIT
203.000098	0.000	0.000	23.9453125	WAIT
203.499880	0.000	0.000	23.90625	WAIT
203.999907	0.000	0.000	24.0	WAIT
204.500511	0.000	0.000	23.9453125	WAIT
204.999931	0.000	0.000	23.921875	WAIT
205.499971	0.000	0.000	23.8671875	WAIT
205.999938	0.001	0.000	23.8828125	WAIT
206.505020	0.001	0.000	23.796875	WAIT
206.999929	0.001	0.000	23.90625	WAIT
207.510111	0.000	0.000	24.015625	WAIT
207.999935	0.000	0.000	23.8671875	WAIT
208.505460	0.000	0.000	23.8828125	WAIT
208.999997	0.001	0.000	23.8125	WAIT
209.499934	0.001	0.000	23.796875	WAIT
209.999928	0.001	0.000	23.7734375	WAIT
210.499835	0.001	0.000	23.9453125	WAIT
211.000229	0.001	0.000	23.8515625	WAIT
211.499918	0.001	0.000	23.7578125	WAIT
212.000003	0.001	0.000	23.7578125	WAIT
212.501620	0.001	0.000	23.8515625	WAIT
212.999938	0.000	0.000	23.7734375	WAIT
213.504965	0.000	0.000	23.6875	WAIT
214.005060	0.000	0.000	23.8125	WAIT
214.499850	0.000	0.000	23.7421875	WAIT
214.999954	0.000	0.000	23.7265625	WAIT
215.499867	0.001	0.000	23.7734375	WAIT
215.999926	0.001	0.000	23.6484375	WAIT
216.500338	-1	-1	-274	ERROR
216.999926	0.000	0.000	23.6328125	WAIT
217.499853	0.001	0.000	23.6875	WAIT
218.000083	0.001	0.000	23.609375	WAIT
218.500585	0.000	0.000	23.6484375	WAIT
218.999875	0.001	0.000	23.8125	WAIT
219.506418	0.000	0.000	23.609375	WAIT
219.999919	0.001	0.000	23.6640625	WAIT
220.500390	0.001	0.000	23.6328125	WAIT
220.999954	0.000	0.000	23.6484375	WAIT
221.499951	0.000	0.000	23.6875	WAIT
221.999993	0.001	0.000	23.5546875	WAIT
222.499855	0.001	0.000	23.609375	WAIT
222.999942	0.000	0.000	23.6484375	WAIT
223.499851	0.000	0.000	23.59375	WAIT
223.999920	0.001	0.000	23.578125	WAIT
224.503044	0.001	0.000	23.6328125	WAIT
225.000003	0.001	0.000	23.5390625	WAIT
225.499949	0.000	0.000	23.59375	WAIT
225.999922	0.000	0.000	23.4140625	WAIT
226.505006	0.000	0.000	23.4296875	WAIT
227.000104	0.000	0.000	23.4296875	WAIT
227.499719	0.000	0.000	23.484375	WAIT
227.999947	0.000	0.000	23.46875	WAIT
228.500089	0.001	0.000	23.5	WAIT
229.000002	0.001	0.000	23.4453125	WAIT
229.499947	0.000	0.000	23.578125	WAIT
229.999947	0.000	0.000	23.578125	WAIT
230.499875	0.000	0.000	23.5390625	WAIT
230.999949	0.001	0.000	23.46875	WAIT
231.499926	0.000	0.000	23.46875	WAIT
231.999938	0.000	0.000	23.484375	WAIT
232.499882	0.000	0.000	23.5390625	WAIT
232.999835	0.001	0.000	23.5234375	WAIT
233.499799	0.001	0.000	23.5	WAIT
234.000017	0.000	0.000	23.4296875	WAIT
234.499758	0.001	0.000	23.4296875	WAIT
235.000092	0.001	0.000	23.46875	WAIT
235.504629	0.001	0.000	23.375	WAIT
235.999948	0.000	0.000	23.5	WAIT
236.499940	0.000	0.000	23.46875	WAIT
237.000005	0.001	0.000	23.4453125	WAIT
237.506063	0.001	0.000	23.4140625	WAIT
237.999956	0.001	0.000	23.375	WAIT
238.499868	0.001	0.000	23.4296875	WAIT
238.999937	0.001	0.000	23.46875	WAIT
239.499852	0.001	0.000	23.3203125	WAIT
239.999918	0.001	0.000	23.375	WAIT
240.499846	0.001	0.000	23.265625	WAIT
240.999976	0.000	0.000	23.28125	WAIT
241.499743	0.000	0.000	23.390625	WAIT
241.999968	0.000	0.000	23.390625	WAIT
242.499844	0.000	0.000	23.390625	WAIT
242.999941	0.001	0.000	23.3359375	WAIT
243.504258	0.000	0.000	23.28125	WAIT
243.999999	0.001	0.000	23.359375	WAIT
244.499861	0.001	0.000	23.375	WAIT
244.999970	0.001	0.000	23.25	WAIT
245.500112	0.000	0.000	23.3046875	WAIT
245.999946	0.000	0.000	23.265625	WAIT
246.499941	0.001	0.000	23.3359375	WAIT
246.999929	0.001	0.000	23.3203125	WAIT
247.504716	-1	-1	-274	ERROR
247.999940	0.001	0.000	23.2109375	WAIT
248.499931	0.001	0.000	23.25	WAIT
248.999994	0.000	0.000	23.265625	WAIT
249.503608	0.001	0.000	23.2265625	WAIT
249.999978	0.001	0.000	23.3359375	WAIT
250.506319	0.000	0.000	23.265625	WAIT
250.999934	0.001	0.000	23.1953125	WAIT
251.502297	0.000	0.000	23.171875	WAIT
251.999944	0.001	0.000	23.3046875	WAIT
252.499858	0.001	0.000	23.28125	WAIT
252.999918	0.001	0.000	23.2265625	WAIT
253.504858	0.001	0.000	23.2265625	WAIT
253.999925	0.001	0.000	23.28125	WAIT
254.499934	0.001	0.000	23.140625	WAIT
254.999943	0.001	0.000	23.15625	WAIT
255.499949	0.001	0.000	23.265625	WAIT
255.999963	0.001	0.000	23.2265625	WAIT
256.500308	0.001	0.000	23.15625	WAIT
256.999925	0.000	0.000	23.171875	WAIT
257.499868	0.001	0.000	23.171875	WAIT
257.999931	0.000	0.000	23.15625	WAIT
258.504984	0.000	0.000	23.0078125	WAIT
258.999917	0.000	0.000	23.1171875	WAIT
259.499876	0.000	0.000	23.171875	WAIT
260.000056	0.001	0.000	23.078125	WAIT
260.499881	0.001	0.000	23.046875	WAIT
261.000007	0.001	0.000	23.140625	WAIT
261.499964	0.000	0.000	23.0625	WAIT
261.999967	0.001	0.000	23.1171875	WAIT
262.499844	0.001	0.000	23.15625	WAIT
262.999932	0.000	0.000	23.078125	WAIT
263.503146	0.000	0.000	22.9921875	WAIT
263.999949	0.000	0.000	23.078125	WAIT
264.499933	0.000	0.000	23.1015625	WAIT
264.999952	0.000	0.000	23.0625	WAIT
265.502928	0.001	0.000	23.2265625	WAIT
265.999938	0.000	0.000	23.046875	WAIT
266.507859	0.001	0.000	23.0625	WAIT
267.000023	0.000	0.000	23.0234375	WAIT
267.503764	0.001	0.000	23.0234375	WAIT
267.999995	0.000	0.000	23.0234375	WAIT
268.499865	0.000	0.000	23.1015625	WAIT
269.000035	0.000	0.000	23.0234375	WAIT
269.504252	0.001	0.000	23.0078125	WAIT
269.999987	0.001	0.000	22.9375	WAIT
270.499874	0.000	0.000	23.078125	WAIT
271.000048	0.001	0.000	23.0078125	WAIT
271.500024	0.000	0.000	22.9921875	WAIT
271.999933	0.001	0.000	23.078125	WAIT
272.499926	0.001	0.000	22.96875	WAIT
272.999938	0.000	0.000	22.96875	WAIT
273.504617	0.000	0.000	22.9921875	WAIT
273.999943	0.000	0.000	23.0625	WAIT
274.499938	0.000	0.000	22.9375	WAIT
275.000004	0.000	0.000	22.8828125	WAIT
275.499951	0.000	0.000	22.8984375	WAIT
275.999995	0.000	0.000	23.078125	WAIT
276.504606	0.001	0.000	22.9375	WAIT
276.999933	0.000	0.000	23.0078125	WAIT
277.505264	0.000	0.000	22.9375	WAIT
277.999927	0.000	0.000	22.953125	WAIT
278.501760	0.000	0.000	23.078125	WAIT
278.999905	0.000	0.000	22.921875	WAIT
279.500417	0.000	0.000	22.859375	WAIT
279.999930	0.000	0.000	22.9375	WAIT
280.499841	0.000	0.000	22.921875	WAIT
280.999980	0.000	0.000	22.859375	WAIT
281.499849	0.000	0.000	22.8828125	WAIT
281.999978	0.000	0.000	22.8984375	WAIT
282.500105	0.000	0.000	22.859375	WAIT
282.999947	0.000	0.000	22.8984375	WAIT
283.504895	0.000	0.000	22.84375	WAIT
283.999975	0.000	0.000	22.828125	WAIT
284.504998	0.000	0.000	22.75	WAIT
285.000044	0.000	0.000	22.8828125	WAIT
285.502211	0.000	0.000	22.921875	WAIT
285.999936	0.000	0.000	22.84375	WAIT
286.499884	0.000	0.000	22.8984375	WAIT
286.999931	0.000	0.000	22.859375	WAIT
287.499796	0.000	0.000	22.734375	WAIT
288.000290	0.000	0.000	22.921875	WAIT
288.499865	0.000	0.000	22.84375	WAIT
288.999907	0.000	0.000	22.84375	WAIT
289.502217	0.001	0.000	22.859375	WAIT
289.999898	0.000	0.000	22.828125	WAIT
290.504028	0.000	0.000	22.9375	WAIT
290.999919	0.000	0.000	22.8828125	WAIT
291.499933	0.000	0.000	22.9375	WAIT
291.999921	0.000	0.000	22.84375	WAIT
292.505078	0.000	0.000	22.8984375	WAIT
292.999943	0.000	0.000	22.859375	WAIT
293.499931	0.001	0.000	22.75	WAIT
293.999912	0.000	0.000	22.828125	WAIT
294.499932	0.000	0.000	22.734375	WAIT
294.999929	0.000	0.000	22.8828125	WAIT
295.504081	0.000	0.000	22.7890625	WAIT
295.999923	0.000	0.000	22.7734375	WAIT
296.504147	0.000	0.000	22.734375	WAIT
296.999909	0.000	0.000	22.921875	WAIT
297.503071	0.000	0.000	22.75	WAIT
297.999928	0.000	0.000	22.7890625	WAIT
298.504940	0.000	0.000	22.7890625	WAIT
298.999930	0.001	0.000	22.7734375	WAIT
299.500163	0.000	0.000	22.7890625	WAIT
299.999945	0.001	0.000	22.8046875	WAIT
