#Resonance Frequency: 404000.000 kHz
#Set Current: 3.17 A
Time [s]	Current [A]	Voltage [V]	T0 [degC]	State
0.000039	0.000	0.000	22.4453125	BEFORE
0.500140	0.000	0.000	22.4453125	BEFORE
1.005263	0.000	0.000	22.5546875	BEFORE
1.500115	0.000	0.000	22.4765625	BEFORE
2.000010	0.000	0.000	22.515625	BEFORE
2.500133	0.000	0.000	22.515625	BEFORE
3.005016	0.000	0.000	22.5859375	BEFORE
3.500157	0.000	0.000	22.515625	BEFORE
3.999986	0.000	0.000	22.515625	BEFORE
4.500189	0.000	0.000	22.4765625	BEFORE
4.999914	-1	-1	-274	ERROR
5.500137	0.000	0.000	22.4609375	BEFORE
5.999994	0.000	0.000	22.515625	BEFORE
6.500171	0.000	0.000	22.5703125	BEFORE
7.000035	0.000	0.000	22.4609375	BEFORE
7.500196	0.000	0.000	22.40625	BEFORE
8.000000	0.000	0.000	22.4609375	BEFORE
8.500134	0.000	0.000	22.515625	BEFORE
8.999919	0.000	0.000	22.4609375	BEFORE
9.501827	0.000	0.000	22.4453125	BEFORE
10.000015	0.000	0.000	22.5	BEFORE
10.500189	0.000	0.000	22.3671875	BEFORE
10.999966	0.000	0.000	22.4765625	BEFORE
11.500146	0.000	0.000	22.515625	BEFORE
11.999925	0.000	0.000	22.609375	BEFORE
12.500205	0.000	0.000	22.4453125	BEFORE
13.000045	0.000	0.000	22.4765625	BEFORE
13.500151	0.001	0.000	22.4765625	BEFORE
13.999992	0.000	0.000	22.5546875	BEFORE
14.500156	0.000	0.000	22.5	BEFORE
15.003799	0.000	0.000	22.3671875	BEFORE
15.500130	0.000	0.000	22.4453125	BEFORE
15.999989	0.000	0.000	22.5	BEFORE
16.500166	0.000	0.000	22.40625	BEFORE
16.999923	0.000	0.000	22.4609375	BEFORE
17.505372	0.000	0.000	22.515625	BEFORE
17.999868	0.000	0.000	22.4453125	BEFORE
18.500245	0.000	0.000	22.3125	BEFORE
19.003669	0.000	0.000	22.4765625	BEFORE
19.500130	0.000	0.000	22.4453125	BEFORE
20.002709	0.000	0.000	22.4453125	BEFORE
20.500149	0.000	0.000	22.5	BEFORE
20.999956	0.000	0.000	22.40625	BEFORE
21.500239	0.000	0.000	22.421875	BEFORE
22.000002	0.000	0.000	22.4453125	BEFORE
22.500169	0.000	0.000	22.296875	BEFORE
23.010522	0.000	0.000	22.3125	BEFORE
23.500084	0.000	0.000	22.421875	BEFORE
23.999954	0.000	0.000	22.3359375	BEFORE
24.500131	0.000	0.000	22.40625	BEFORE
24.999988	0.000	0.000	22.421875	BEFORE
25.500158	0.000	0.000	22.53125	BEFORE
26.000020	0.000	0.000	22.40625	BEFORE
26.500164	0.000	0.000	22.3671875	BEFORE
26.999953	0.000	0.000	22.4765625	BEFORE
27.500151	0.000	0.000	22.3359375	BEFORE
28.000333	0.000	0.000	22.3515625	BEFORE
28.500139	0.000	0.000	22.3671875	BEFORE
29.000050	0.000	0.000	22.390625	BEFORE
29.500144	0.000	0.000	22.421875	BEFORE
29.999936	0.000	0.000	22.3515625	BEFORE
30.501141	0.000	0.000	22.3515625	BEFORE
30.999906	0.000	0.000	22.4453125	BEFORE
31.500127	0.000	0.000	22.4765625	BEFORE
31.999955	0.000	0.000	22.3125	BEFORE
32.500233	0.000	0.000	22.3671875	BEFORE
32.999838	0.000	0.000	22.3671875	BEFORE
33.500148	0.000	0.000	22.4609375	BEFORE
33.999987	0.001	0.000	22.3125	BEFORE
34.500164	0.000	0.000	22.40625	BEFORE
34.999964	0.000	0.000	22.40625	BEFORE
35.500197	0.001	0.000	22.3125	BEFORE
35.999970	0.000	0.000	22.3515625	BEFORE
36.500288	0.000	0.000	22.40625	BEFORE
36.999972	0.000	0.000	22.40625	BEFORE
37.500152	0.000	0.000	22.2578125	BEFORE
37.999985	0.000	0.000	22.421875	BEFORE
38.500139	0.000	0.000	22.296875	BEFORE
39.002218	0.000	0.000	22.2734375	BEFORE
39.500132	0.001	0.000	22.3125	BEFORE
40.000013	0.000	0.000	22.5	BEFORE
40.500120	0.000	0.000	22.2734375	BEFORE
40.999946	0.000	0.000	22.3515625	BEFORE
41.500172	0.001	0.000	22.3671875	BEFORE
41.999935	0.000	0.000	22.421875	BEFORE
42.500325	0.000	0.000	22.3515625	BEFORE
42.999924	0.000	0.000	22.3125	BEFORE
43.500193	0.001	0.000	22.2734375	BEFORE
44.002338	0.000	0.000	22.40625	BEFORE
44.500137	0.001	0.000	22.3515625	BEFORE
44.999997	0.000	0.000	22.390625	BEFORE
45.500150	0.000	0.000	22.296875	BEFORE
45.999885	0.000	0.000	22.3125	BEFORE
46.500133	0.000	0.000	22.21875	BEFORE
46.999986	0.000	0.000	22.296875	BEFORE
47.500126	0.001	0.000	22.2734375	BEFORE
47.999986	0.000	0.000	22.3515625	BEFORE
48.500151	0.000	0.000	22.2421875	BEFORE
48.999962	0.000	0.000	22.3125	BEFORE
49.500801	0.001	0.000	22.3671875	BEFORE
49.999881	0.001	0.000	22.3515625	BEFORE
50.500185	0.000	0.000	22.2578125	BEFORE
50.999824	0.000	0.000	22.2734375	BEFORE
51.500198	0.000	0.000	22.296875	BEFORE
51.999991	0.000	0.000	22.390625	BEFORE
52.500143	0.000	0.000	22.390625	BEFORE
52.999960	0.000	0.000	22.3359375	BEFORE
53.500151	0.001	0.000	22.3125	BEFORE
53.999990	0.000	0.000	22.40625	BEFORE
54.500172	0.000	0.000	22.2421875	BEFORE
54.999912	0.001	0.000	22.3125	BEFORE
55.500256	0.000	0.000	22.4453125	BEFORE
56.000022	0.001	0.000	22.203125	BEFORE
56.500139	0.000	0.000	22.296875	BEFORE
56.999910	0.000	0.000	22.203125	BEFORE
57.500145	0.001	0.000	22.203125	BEFORE
57.999965	0.000	0.000	22.2421875	BEFORE
58.500145	0.000	0.000	22.3359375	BEFORE
58.999985	0.001	0.000	22.3359375	BEFORE
59.500150	0.001	0.000	22.3125	BEFORE
60.002150	0.001	0.000	22.21875	BEFORE
61.000218	3.163	5.970	22.2734375	EXPOSING
61.500193	3.163	5.970	22.40625	EXPOSING
61.999990	3.163	5.972	22.53125	EXPOSING
62.505281	3.164	5.972	22.5859375	EXPOSING
62.999987	3.163	5.972	22.4765625	EXPOSING
63.500147	3.164	5.972	22.53125	EXPOSING
63.999973	3.163	5.972	22.7890625	EXPOSING
64.500129	3.163	5.973	22.6796875	EXPOSING
65.003362	3.163	5.973	22.640625	EXPOSING
65.500194	3.163	5.973	22.640625	EXPOSING
66.000020	3.163	5.973	22.7734375	EXPOSING
66.500133	3.164	5.974	22.6640625	EXPOSING
67.001482	3.164	5.973	22.625	EXPOSING
67.500164	3.163	5.973	22.5859375	EXPOSING
67.999969	3.163	5.973	22.734375	EXPOSING
68.500178	3.164	5.973	22.609375	EXPOSING
69.005230	3.164	5.973	22.734375	EXPOSING
69.500209	3.164	5.973	22.71875	EXPOSING
69.999980	3.163	5.973	22.75	EXPOSING
70.500153	3.163	5.973	22.71875	EXPOSING
71.003528	3.163	5.972	22.75	EXPOSING
71.500195	3.163	5.972	22.6953125	EXPOSING
71.999987	3.163	5.973	22.828125	EXPOSING
72.500164	3.163	5.973	22.6796875	EXPOSING
72.999903	3.163	5.974	22.5546875	EXPOSING
73.500207	3.164	5.972	22.8828125	EXPOSING
73.999892	3.163	5.973	22.7890625	EXPOSING
74.500193	3.164	5.974	22.7890625	EXPOSING
74.999895	3.164	5.974	22.6796875	EXPOSING
75.500162	3.164	5.973	22.7890625	EXPOSING
75.999973	3.163	5.974	22.7890625	EXPOSING
76.500147	3.163	5.974	22.859375	EXPOSING
77.000126	3.164	5.973	22.828125	EXPOSING
77.500163	3.163	5.973	22.7734375	EXPOSING
77.999952	3.164	5.974	22.75	EXPOSING
78.500143	3.163	5.973	22.8046875	EXPOSING
79.000127	3.163	5.974	22.6953125	EXPOSING
79.500161	3.163	5.974	22.8046875	EXPOSING
79.999979	3.163	5.973	22.8046875	EXPOSING
80.500139	3.163	5.973	22.84375	EXPOSING
80.999935	3.163	5.974	22.828125	EXPOSING
81.505301	3.163	5.974	22.96875	EXPOSING
82.000001	3.163	5.974	22.7734375	EXPOSING
82.500136	3.164	5.973	22.8046875	EXPOSING
83.000097	3.163	5.974	22.8046875	EXPOSING
83.500134	3.163	5.974	22.859375	EXPOSING
84.001380	3.164	5.974	22.859375	EXPOSING
84.500123	3.164	5.974	22.828125	EXPOSING
84.999991	3.164	5.974	22.84375	EXPOSING
85.500170	3.164	5.974	22.859375	EXPOSING
85.999967	3.163	5.974	22.8046875	EXPOSING
86.500147	3.163	5.974	22.859375	EXPOSING
86.999980	3.164	5.974	22.84375	EXPOSING
87.500164	3.164	5.974	22.9375	EXPOSING
88.000118	3.163	5.974	22.953125	EXPOSING
88.500220	3.164	5.974	22.8828125	EXPOSING
89.000046	3.164	5.974	22.828125	EXPOSING
89.500277	3.163	5.974	22.9375	EXPOSING
89.999909	3.163	5.974	22.8046875	EXPOSING
90.500426	3.164	5.974	22.9375	EXPOSING
90.999993	3.163	5.974	22.953125	EXPOSING
91.500132	3.164	5.973	22.921875	EXPOSING
92.500261	3.163	5.974	22.8828125	EXPOSING
93.000089	3.164	5.974	22.7890625	EXPOSING
93.500275	3.164	5.974	22.84375	EXPOSING
94.000022	3.163	5.974	22.921875	EXPOSING
94.500130	3.163	5.973	22.96875	EXPOSING
95.000020	3.164	5.974	22.734375	EXPOSING
95.500150	3.163	5.974	22.9375	EXPOSING
96.000087	3.163	5.973	22.9375	EXPOSING
96.500695	3.163	5.974	22.953125	EXPOSING
97.000035	3.163	5.973	22.859375	EXPOSING
97.500202	3.163	5.973	22.921875	EXPOSING
98.000013	3.163	5.974	22.859375	EXPOSING
98.500697	3.163	5.973	22.953125	EXPOSING
99.000009	3.164	5.973	22.953125	EXPOSING
99.500166	3.163	5.974	22.9375	EXPOSING
100.000125	3.163	5.975	22.8984375	EXPOSING
100.500148	3.163	5.974	22.96875	EXPOSING
101.000025	3.163	5.974	22.921875	EXPOSING
101.500167	3.163	5.974	23.0078125	EXPOSING
102.005125	3.164	5.973	22.8828125	EXPOSING
102.500150	3.163	5.974	22.921875	EXPOSING
103.000069	3.163	5.975	22.7890625	EXPOSING
103.500238	3.163	5.974	22.921875	EXPOSING
103.999932	3.164	5.975	22.8828125	EXPOSING
104.501339	3.163	5.974	23.0078125	EXPOSING
105.000056	3.164	5.974	22.859375	EXPOSING
105.500137	3.163	5.974	22.8984375	EXPOSING
106.008078	3.163	5.973	22.953125	EXPOSING
106.500149	3.164	5.974	22.9375	EXPOSING
107.000257	3.164	5.974	22.953125	EXPOSING
107.500201	3.163	5.974	22.84375	EXPOSING
108.000080	3.164	5.974	22.859375	EXPOSING
108.500147	3.164	5.974	23.0078125	EXPOSING
109.005219	3.163	5.974	22.7890625	EXPOSING
109.500149	3.164	5.975	22.953125	EXPOSING
110.000113	3.163	5.975	22.953125	EXPOSING
110.500134	3.164	5.974	22.96875	EXPOSING
111.000029	3.163	5.975	23.0078125	EXPOSING
111.500199	3.164	5.975	23.0078125	EXPOSING
112.000071	3.164	5.974	22.8984375	EXPOSING
112.500165	3.163	5.974	22.859375	EXPOSING
113.000062	3.164	5.975	22.859375	EXPOSING
113.500217	3.163	5.974	22.921875	EXPOSING
114.000048	3.163	5.974	23.0234375	EXPOSING
114.500232	3.163	5.974	22.96875	EXPOSING
115.000069	3.163	5.975	22.8984375	EXPOSING
115.500149	3.163	5.974	23.0078125	EXPOSING
116.000038	3.163	5.974	22.953125	EXPOSING
116.500165	3.163	5.974	22.84375	EXPOSING
116.999934	3.163	5.974	22.921875	EXPOSING
117.505273	3.163	5.974	22.9921875	EXPOSING
118.000021	3.164	5.975	22.8828125	EXPOSING
118.500155	3.163	5.975	22.96875	EXPOSING
119.000053	3.163	5.975	23.0078125	EXPOSING
119.500098	3.163	5.975	22.9375	EXPOSING
120.000043	3.163	5.974	22.828125	EXPOSING
120.500132	3.164	5.974	22.8984375	EXPOSING
121.000164	3.163	5.974	22.828125	EXPOSING
121.500207	3.163	5.974	22.9375	EXPOSING
122.005139	3.163	5.975	22.9921875	EXPOSING
122.500139	3.164	5.975	22.921875	EXPOSING
123.000055	3.163	5.975	22.8828125	EXPOSING
123.500131	3.163	5.974	22.953125	EXPOSING
123.999932	3.164	5.975	22.8984375	EXPOSING
124.500127	3.163	5.974	22.8828125	EXPOSING
125.000084	3.163	5.974	22.9375	EXPOSING
125.500132	3.164	5.974	22.828125	EXPOSING
126.000067	3.163	5.974	22.9375	EXPOSING
126.500161	3.163	5.974	23.0234375	EXPOSING
126.999922	3.164	5.975	22.8828125	EXPOSING
127.500154	3.164	5.975	22.96875	EXPOSING
128.000045	3.164	5.974	22.859375	EXPOSING
128.500461	3.163	5.975	22.921875	EXPOSING
129.000083	3.163	5.974	22.9375	EXPOSING
129.500183	3.163	5.974	22.921875	EXPOSING
129.999959	3.163	5.974	23.0078125	EXPOSING
130.500178	3.163	5.974	22.96875	EXPOSING
131.000035	3.163	5.974	22.9375	EXPOSING
131.500151	3.163	5.973	22.9921875	EXPOSING
132.000048	3.164	5.975	22.96875	EXPOSING
132.500194	3.163	5.974	22.859375	EXPOSING
133.000060	3.164	5.974	22.9921875	EXPOSING
133.500175	3.163	5.975	23.0234375	EXPOSING
134.000021	3.163	5.974	22.9921875	EXPOSING
134.500129	3.163	5.974	22.921875	EXPOSING
135.000071	3.163	5.975	22.8984375	EXPOSING
135.500140	3.163	5.974	22.9921875	EXPOSING
136.000073	3.163	5.974	22.96875	EXPOSING
136.508062	3.164	5.974	22.8984375	EXPOSING
137.000072	3.163	5.975	22.9921875	EXPOSING
137.500149	3.164	5.974	23.0234375	EXPOSING
138.000941	3.163	5.974	22.953125	EXPOSING
138.500135	3.163	5.974	23.0625	EXPOSING
139.000075	3.163	5.975	22.96875	EXPOSING
139.500128	3.164	5.974	23.046875	EXPOSING
140.000021	3.163	5.974	22.9921875	EXPOSING
140.500139	3.164	5.975	22.96875	EXPOSING
141.000074	3.163	5.975	22.953125	EXPOSING
141.500176	3.163	5.975	22.859375	EXPOSING
142.000051	3.163	5.976	22.9375	EXPOSING
142.500176	3.164	5.975	22.96875	EXPOSING
143.004729	3.163	5.975	22.921875	EXPOSING
143.500177	3.163	5.974	22.8828125	EXPOSING
144.000072	3.164	5.974	22.921875	EXPOSING
144.500141	3.164	5.974	22.953125	EXPOSING
144.999965	3.164	5.974	22.8984375	EXPOSING
145.500175	3.163	5.975	23.0625	EXPOSING
146.000071	3.163	5.975	22.859375	EXPOSING
146.500135	3.163	5.973	23.0234375	EXPOSING
147.000057	3.163	5.975	22.8828125	EXPOSING
147.500131	3.163	5.974	22.9375	EXPOSING
148.000175	3.163	5.975	22.921875	EXPOSING
148.500174	3.163	5.975	22.953125	EXPOSING
149.000046	3.163	5.974	22.8984375	EXPOSING
149.500180	3.163	5.975	23.0234375	EXPOSING
150.000030	3.163	5.974	22.9375	EXPOSING
150.505244	3.163	5.974	22.9921875	EXPOSING
151.000097	3.163	5.974	22.9375	EXPOSING
151.500149	3.163	5.975	22.9921875	EXPOSING
151.999955	3.163	5.975	22.9375	EXPOSING
152.500123	3.166	5.974	22.9921875	EXPOSING
153.005294	3.163	5.975	22.9921875	EXPOSING
153.500124	3.164	5.974	22.9375	EXPOSING
154.000405	3.164	5.975	22.9375	EXPOSING
154.500133	3.164	5.976	23.0234375	EXPOSING
155.000062	3.163	5.974	23.0078125	EXPOSING
155.500194	3.164	5.975	22.9921875	EXPOSING
156.000007	3.164	5.975	22.953125	EXPOSING
156.500169	3.163	5.974	23.0234375	EXPOSING
157.000082	3.163	5.974	22.9375	EXPOSING
157.500136	3.163	5.975	22.96875	EXPOSING
158.000049	3.164	5.974	22.921875	EXPOSING
158.500264	3.164	5.974	22.9921875	EXPOSING
159.000065	3.163	5.974	22.953125	EXPOSING
159.500236	3.163	5.975	22.953125	EXPOSING
160.000227	3.164	5.976	22.8984375	EXPOSING
161.005358	0.054	0.003	22.953125	WAIT
161.500075	0.000	0.000	22.6796875	WAIT
162.003659	0.000	0.000	22.75	WAIT
162.500146	0.001	0.000	22.515625	WAIT
163.000078	0.000	0.000	22.5703125	WAIT
163.500123	0.000	0.000	22.6953125	WAIT
164.000047	0.000	0.000	22.609375	WAIT
164.500123	0.001	0.000	22.625	WAIT
164.999992	0.000	0.000	22.609375	WAIT
165.500168	0.000	0.000	22.4765625	WAIT
166.000036	0.000	0.000	22.609375	WAIT
166.500134	0.000	0.000	22.4453125	WAIT
167.000133	0.000	0.000	22.53125	WAIT
167.500651	0.000	0.000	22.5859375	WAIT
168.000062	0.000	0.000	22.4765625	WAIT
168.500202	0.000	0.000	22.5546875	WAIT
168.999935	0.000	0.000	22.5	WAIT
169.500165	0.000	0.000	22.4453125	WAIT
170.000031	0.001	0.000	22.421875	WAIT
170.500125	0.001	0.000	22.5	WAIT
171.000111	0.001	0.000	22.53125	WAIT
171.500142	0.000	0.000	22.3671875	WAIT
172.000065	0.000	0.000	22.4453125	WAIT
172.500195	0.001	0.000	22.4609375	WAIT
173.000020	0.001	0.000	22.5	WAIT
173.500196	0.001	0.000	22.3671875	WAIT
174.000029	0.000	0.000	22.421875	WAIT
174.500138	0.000	0.000	22.515625	WAIT
175.000052	0.000	0.000	22.515625	WAIT
175.500138	0.001	0.000	22.40625	WAIT
176.000021	0.001	0.000	22.3671875	WAIT
176.500148	0.001	0.000	22.5	WAIT
177.000064	0.000	0.000	22.40625	WAIT
177.500202	0.000	0.000	22.4453125	WAIT
178.000053	0.000	0.000	22.390625	WAIT
178.500145	0.001	0.000	22.3671875	WAIT
179.000062	0.000	0.000	22.3671875	WAIT
179.500301	0.000	0.000	22.421875	WAIT
180.000005	0.001	0.000	22.3125	WAIT
180.502816	0.000	0.000	22.390625	WAIT
180.999998	0.000	0.000	22.4609375	WAIT
181.500134	0.000	0.000	22.2734375	WAIT
182.000102	0.001	0.000	22.21875	WAIT
182.500123	0.000	0.000	22.3515625	WAIT
183.000025	0.000	0.000	22.4453125	WAIT
183.500140	0.000	0.000	22.3671875	WAIT
184.000038	0.000	0.000	22.2734375	WAIT
184.500164	0.001	0.000	22.3125	WAIT
185.000067	0.001	0.000	22.3359375	WAIT
185.500160	0.000	0.000	22.3671875	WAIT
186.000044	0.001	0.000	22.2578125	WAIT
186.500148	0.001	0.000	22.390625	WAIT
186.999987	0.000	0.000	22.2421875	WAIT
187.500209	0.000	0.000	22.296875	WAIT
188.000061	0.001	0.000	22.3515625	WAIT
188.501301	0.000	0.000	22.2734375	WAIT
188.999952	0.000	0.000	22.296875	WAIT
189.500218	0.001	0.000	22.2734375	WAIT
190.000406	0.001	0.000	22.296875	WAIT
190.500112	0.001	0.000	22.3515625	WAIT
191.000074	0.000	0.000	22.2734375	WAIT
191.500201	0.001	0.000	22.1328125	WAIT
192.000099	0.000	0.000	22.390625	WAIT
192.500147	0.000	0.000	22.3125	WAIT
193.000065	0.001	0.000	22.2421875	WAIT
193.500199	0.001	0.000	22.21875	WAIT
194.005239	0.000	0.000	22.3515625	WAIT
194.500140	0.000	0.000	22.2578125	WAIT
195.002702	0.000	0.000	22.203125	WAIT
195.500136	0.001	0.000	22.1484375	WAIT
196.001800	0.000	0.000	22.2421875	WAIT
196.500141	0.001	0.000	22.21875	WAIT
197.000018	0.000	0.000	22.1640625	WAIT
197.499930	0.000	0.000	22.21875	WAIT
198.000040	0.001	0.000	22.203125	WAIT
198.500182	0.000	0.000	22.21875	WAIT
199.000026	0.001	0.000	22.296875	WAIT
199.500177	0.000	0.000	22.2421875	WAIT
200.005110	0.001	0.000	22.21875	WAIT
200.500160	0.000	0.000	22.1875	WAIT
201.000058	0.000	0.000	22.1875	WAIT
201.500148	0.000	0.000	22.109375	WAIT
202.000003	0.000	0.000	22.1640625	WAIT
202.500146	0.001	0.000	22.203125	WAIT
203.000112	0.000	0.000	22.203125	WAIT
203.500121	0.000	0.000	22.1875	WAIT
204.000059	0.001	0.000	22.1875	WAIT
204.500190	0.001	0.000	22.1640625	WAIT
205.000103	0.001	0.000	22.2421875	WAIT
205.500167	0.001	0.000	22.09375	WAIT
206.000021	0.001	0.000	22.2421875	WAIT
206.500180	0.000	0.000	22.1875	WAIT
207.003149	0.001	0.000	22.1484375	WAIT
207.500128	0.001	0.000	22.1484375	WAIT
208.003682	0.000	0.000	22.1328125	WAIT
208.500156	0.001	0.000	22.1640625	WAIT
209.000055	0.000	0.000	22.1875	WAIT
209.500138	0.001	0.000	22.1484375	WAIT
210.000011	0.000	0.000	22.1640625	WAIT
210.505270	0.000	0.000	22.1328125	WAIT
211.000093	0.000	0.000	22.1875	WAIT
211.500128	0.001	0.000	22.21875	WAIT
212.000058	0.000	0.000	22.09375	WAIT
212.500207	0.001	0.000	22.1328125	WAIT
212.999993	0.001	0.000	22.0234375	WAIT
213.500156	0.000	0.000	22.203125	WAIT
213.999935	0.001	0.000	22.203125	WAIT
214.500125	0.000	0.000	22.0546875	WAIT
215.000053	0.001	0.000	22.2421875	WAIT
215.500143	0.000	0.000	22.0390625	WAIT
216.000038	0.001	0.000	22.09375	WAIT
216.500169	0.001	0.000	22.1328125	WAIT
217.000055	0.001	0.000	22.0234375	WAIT
217.500154	0.000	0.000	22.078125	WAIT
218.005093	0.001	0.000	22.1640625	WAIT
218.500243	0.000	0.000	22.1484375	WAIT
219.000056	0.000	0.000	22.1640625	WAIT
219.500185	0.000	0.000	22.1484375	WAIT
219.999975	0.000	0.000	22.109375	WAIT
220.500209	0.000	0.000	22.09375	WAIT
220.999850	0.001	0.000	22.1640625	WAIT
221.500080	0.000	0.000	22.21875	WAIT
222.000066	0.000	0.000	22.1484375	WAIT
222.500139	0.000	0.000	22.078125	WAIT
223.000083	0.000	0.000	22.1640625	WAIT
223.500133	0.000	0.000	22.203125	WAIT
224.000130	0.000	0.000	22.1875	WAIT
224.500188	0.000	0.000	22.078125	WAIT
225.000070	0.000	0.000	22.09375	WAIT
225.500540	0.001	0.000	22.1640625	WAIT
226.000161	0.001	0.000	22.078125	WAIT
226.500173	0.000	0.000	22.1484375	WAIT
227.005167	0.000	0.000	22.1328125	WAIT
227.500149	0.001	0.000	21.96875	WAIT
228.000065	0.000	0.000	22.09375	WAIT
228.500197	0.001	0.000	22.1484375	WAIT
229.002281	0.001	0.000	22.0546875	WAIT
229.500140	0.000	0.000	22.0	WAIT
230.000018	0.001	0.000	22.078125	WAIT
230.500132	0.001	0.000	22.1328125	WAIT
231.000036	0.000	0.000	22.0234375	WAIT
231.500479	0.000	0.000	22.0234375	WAIT
232.000028	0.001	0.000	22.0546875	WAIT
232.500227	0.001	0.000	22.0	WAIT
233.000150	0.001	0.000	22.09375	WAIT
233.500123	0.000	0.000	22.1875	WAIT
234.001186	0.001	0.000	21.984375	WAIT
234.500129	0.000	0.000	22.078125	WAIT
235.000062	0.000	0.000	22.0546875	WAIT
235.500136	0.000	0.000	22.0234375	WAIT
236.000055	0.001	0.000	22.1328125	WAIT
236.500164	0.000	0.000	22.109375	WAIT
237.005157	0.002	0.000	21.96875	WAIT
237.500130	0.001	0.000	22.0546875	WAIT
238.000022	0.001	0.000	22.0	WAIT
238.500127	0.001	0.000	22.0546875	WAIT
239.000051	0.001	0.000	22.0	WAIT
239.500177	0.001	0.000	22.078125	WAIT
240.000079	0.000	0.000	21.96875	WAIT
240.500333	0.001	0.000	22.0	WAIT
241.000279	0.001	0.000	22.0	WAIT
241.500319	0.001	0.000	22.0390625	WAIT
242.000058	0.002	0.000	22.0	WAIT
242.500149	0.001	0.000	22.078125	WAIT
243.000041	0.000	0.000	22.0	WAIT
243.500134	0.001	0.000	21.984375	WAIT
243.999989	0.001	0.000	22.0390625	WAIT
244.500141	0.001	0.000	22.09375	WAIT
245.000074	0.001	0.000	22.0	WAIT
245.500135	0.001	0.000	22.0390625	WAIT
246.000087	0.000	0.000	22.0234375	WAIT
246.500157	0.001	0.000	22.0	WAIT
247.003847	0.001	0.000	21.984375	WAIT
247.500127	0.000	0.000	21.9453125	WAIT
248.002831	0.001	0.000	22.0234375	WAIT
248.500168	0.001	0.000	22.0234375	WAIT
248.999991	0.001	0.000	21.875	WAIT
249.500149	0.001	0.000	21.9296875	WAIT
250.000045	0.001	0.000	22.0390625	WAIT
250.500136	0.000	0.000	21.859375	WAIT
251.000039	0.001	0.000	21.984375	WAIT
251.500192	0.001	0.000	22.0390625	WAIT
252.000087	0.000	0.000	22.0	WAIT
252.500137	0.001	0.000	21.9140625	WAIT
253.000086	0.001	0.000	22.0234375	WAIT
253.500213	0.001	0.000	21.859375	WAIT
254.000129	0.001	0.000	21.9453125	WAIT
254.500278	0.001	0.000	21.9296875	WAIT
255.000039	0.001	0.000	22.0	WAIT
255.500146	0.001	0.000	21.9296875	WAIT
256.001182	0.001	0.000	21.9140625	WAIT
256.500124	0.000	0.000	22.0390625	WAIT
257.000089	0.001	0.000	21.9140625	WAIT
257.500133	0.001	0.000	21.984375	WAIT
258.000048	0.001	0.000	21.9296875	WAIT
258.500161	0.001	0.000	21.96875	WAIT
259.000044	0.001	0.000	22.0390625	WAIT
259.500141	0.001	0.000	21.875	WAIT
260.000100	0.001	0.000	21.9296875	WAIT
260.500144	0.001	0.000	21.9453125	WAIT
261.004936	-1	-1	-274	ERROR
261.500188	0.000	0.000	21.9453125	WAIT
262.000040	0.001	0.000	21.9296875	WAIT
262.500160	0.001	0.000	21.984375	WAIT
263.000067	0.000	0.000	21.9140625	WAIT
263.500135	0.001	0.000	21.9296875	WAIT
264.005173	0.000	0.000	21.96875	WAIT
264.500126	0.000	0.000	21.8203125	WAIT
265.000091	0.001	0.000	22.0390625	WAIT
265.500130	0.000	0.000	21.9453125	WAIT
266.000070	0.000	0.000	21.8203125	WAIT
266.500168	0.000	0.000	21.9140625	WAIT
267.000076	0.001	0.000	21.9140625	WAIT
267.500155	0.000	0.000	21.875	WAIT
268.000076	0.001	0.000	21.9453125	WAIT
268.500168	0.000	0.000	21.9453125	WAIT
269.005355	0.000	0.000	21.859375	WAIT
269.500135	0.001	0.000	21.984375	WAIT
270.000069	0.000	0.000	22.0234375	WAIT
270.500139	0.000	0.000	21.875	WAIT
271.000093	0.000	0.000	21.96875	WAIT
271.500124	0.000	0.000	21.984375	WAIT
272.005217	0.000	0.000	21.984375	WAIT
272.500121	0.001	0.000	21.875	WAIT
273.000078	0.001	0.000	21.9453125	WAIT
273.500363	0.001	0.000	21.984375	WAIT
274.000073	0.001	0.000	21.9296875	WAIT
274.500135	0.001	0.000	21.8203125	WAIT
275.001937	0.000	0.000	22.0234375	WAIT
275.500266	0.000	0.000	21.96875	WAIT
276.000080	0.001	0.000	21.984375	WAIT
276.500139	0.000	0.000	21.96875	WAIT
277.000066	0.000	0.000	21.859375	WAIT
277.500147	0.000	0.000	22.0	WAIT
278.000058	0.000	0.000	21.96875	WAIT
278.500129	0.000	0.000	21.96875	WAIT
279.000072	0.000	0.000	21.859375	WAIT
279.500172	0.000	0.000	21.796875	WAIT
280.000092	0.001	0.000	21.875	WAIT
280.500192	0.000	0.000	21.9140625	WAIT
281.000063	0.000	0.000	21.8359375	WAIT
281.500165	0.000	0.000	21.9140625	WAIT
282.000124	0.001	0.000	21.875	WAIT
282.500200	0.000	0.000	21.9140625	WAIT
283.035642	0.000	0.000	21.9453125	WAIT
283.500075	0.000	0.000	21.9453125	WAIT
284.000046	0.000	0.000	21.8203125	WAIT
284.505279	0.000	0.000	21.859375	WAIT
285.000076	0.000	0.000	21.8359375	WAIT
285.500237	0.000	0.000	21.8359375	WAIT
286.000045	0.001	0.000	21.875	WAIT
286.500533	0.000	0.000	21.8359375	WAIT
287.000131	0.000	0.000	21.9140625	WAIT
287.500419	0.001	0.000	21.875	WAIT
288.000039	0.000	0.000	21.8359375	WAIT
288.500188	0.000	0.000	21.875	WAIT
289.004673	0.000	0.000	21.9140625	WAIT
289.500127	0.000	0.000	21.890625	WAIT
290.000082	0.000	0.000	21.9453125	WAIT
290.500135	0.001	0.000	21.765625	WAIT
291.005222	0.000	0.000	21.9140625	WAIT
291.500140	0.000	0.000	21.890625	WAIT
292.000078	0.001	0.000	21.859375	WAIT
292.500133	0.001	0.000	21.796875	WAIT
293.000079	0.000	0.000	21.8359375	WAIT
293.500250	0.001	0.000	21.859375	WAIT
294.000111	0.001	0.000	21.96875	WAIT
294.500897	0.001	0.000	21.96875	WAIT
295.000060	0.000	0.000	21.8359375	WAIT
295.500173	0.001	0.000	21.7421875	WAIT
296.005177	0.001	0.000	21.796875	WAIT
296.500140	0.001	0.000	21.9140625	WAIT
297.000098	0.001	0.000	21.859375	WAIT
297.500169	0.000	0.000	21.859375	WAIT
298.003694	0.000	0.000	21.875	WAIT
298.500159	0.000	0.000	21.8359375	WAIT
299.000085	0.001	0.000	21.859375	WAIT
299.500135	0.000	0.000	21.8359375	WAIT
300.000054	0.001	0.000	21.8203125	WAIT
300.500171	0.000	0.000	21.7421875	WAIT
301.002678	0.000	0.000	21.890625	WAIT
301.500187	0.000	0.000	21.9453125	WAIT
302.000055	0.000	0.000	21.8203125	WAIT
302.500152	0.000	0.000	21.8359375	WAIT
303.003700	0.000	0.000	21.7109375	WAIT
303.500141	0.001	0.000	21.9140625	WAIT
304.000056	0.000	0.000	21.859375	WAIT
304.500161	0.000	0.000	21.765625	WAIT
305.003569	0.001	0.000	21.7421875	WAIT
305.500142	0.000	0.000	21.890625	WAIT
306.000077	0.000	0.000	21.859375	WAIT
306.500204	0.000	0.000	21.78125	WAIT
306.999938	0.000	0.000	21.78125	WAIT
307.500330	0.001	0.000	21.765625	WAIT
308.000078	0.000	0.000	21.796875	WAIT
308.500186	0.000	0.000	21.8203125	WAIT
309.000172	0.000	0.000	21.78125	WAIT
309.500221	0.000	0.000	21.8203125	WAIT
310.001470	0.000	0.000	21.78125	WAIT
310.500140	0.000	0.000	21.8203125	WAIT
311.005220	0.001	0.000	21.8359375	WAIT
311.500198	0.000	0.000	21.8203125	WAIT
312.002088	0.001	0.000	21.765625	WAIT
312.500145	0.000	0.000	21.875	WAIT
313.000071	0.001	0.000	21.796875	WAIT
313.500124	0.000	0.000	21.8203125	WAIT
314.000041	0.000	0.000	21.8203125	WAIT
314.500550	0.001	0.000	21.765625	WAIT
315.000068	0.000	0.000	21.8359375	WAIT
315.500178	0.000	0.000	21.859375	WAIT
316.000122	0.000	0.000	21.8203125	WAIT
316.500186	0.000	0.000	21.7421875	WAIT
317.000053	0.000	0.000	21.765625	WAIT
317.500194	0.001	0.000	21.7109375	WAIT
318.001837	0.000	0.000	21.7421875	WAIT
318.500132	0.000	0.000	21.765625	WAIT
319.000074	0.001	0.000	21.875	WAIT
319.500146	0.000	0.000	21.765625	WAIT
320.000040	0.000	0.000	21.9140625	WAIT
320.500213	0.000	0.000	21.8203125	WAIT
321.000073	0.001	0.000	21.7421875	WAIT
321.500206	0.000	0.000	21.796875	WAIT
322.000124	0.001	0.000	21.8359375	WAIT
322.500323	0.000	0.000	21.6953125	WAIT
323.004815	0.000	0.000	21.8359375	WAIT
323.500181	0.000	0.000	21.7109375	WAIT
324.000056	0.000	0.000	21.875	WAIT
324.500132	0.001	0.000	21.875	WAIT
325.000031	0.001	0.000	21.6953125	WAIT
325.508135	0.001	0.000	21.7265625	WAIT
326.000102	0.001	0.000	21.8203125	WAIT
326.500109	0.001	0.000	21.6953125	WAIT
327.000077	0.001	0.000	21.7265625	WAIT
327.500212	0.001	0.000	21.7265625	WAIT
328.000884	0.000	0.000	21.875	WAIT
328.500176	0.000	0.000	21.875	WAIT
329.000031	0.001	0.000	21.7109375	WAIT
329.500191	0.001	0.000	21.8359375	WAIT
330.005487	0.000	0.000	21.7109375	WAIT
330.500156	0.001	0.000	21.671875	WAIT
331.000053	0.001	0.000	21.6328125	WAIT
331.500169	0.001	0.000	21.8359375	WAIT
332.002848	0.001	0.000	21.6953125	WAIT
332.500159	0.000	0.000	21.7265625	WAIT
333.000059	0.001	0.000	21.7109375	WAIT
333.500157	0.000	0.000	21.8359375	WAIT
334.000059	0.001	0.000	21.78125	WAIT
334.500256	0.001	0.000	21.78125	WAIT
335.000074	0.000	0.000	21.78125	WAIT
335.500193	0.000	0.000	21.8359375	WAIT
336.002986	0.000	0.000	21.875	WAIT
336.500165	0.000	0.000	21.765625	WAIT
337.000059	0.000	0.000	21.78125	WAIT
337.500262	0.001	0.000	21.765625	WAIT
338.009677	0.001	0.000	21.796875	WAIT
338.500181	0.000	0.000	21.7109375	WAIT
339.000057	0.000	0.000	21.765625	WAIT
339.500178	0.001	0.000	21.7109375	WAIT
