#Resonance Frequency: 404000.000 kHz
#Set Current: 12.68 A
Time [s]	Current [A]	Voltage [V]	T0 [degC]	State
0.000026	0.000	0.000	22.75	BEFORE
0.500238	0.000	0.000	22.84375	BEFORE
1.001407	0.001	0.000	22.75	BEFORE
1.500168	0.001	0.000	22.84375	BEFORE
2.005323	0.000	0.000	22.7890625	BEFORE
2.500223	0.000	0.000	22.6953125	BEFORE
3.001549	0.000	0.000	22.8046875	BEFORE
3.500138	0.001	0.000	22.734375	BEFORE
4.005315	0.001	0.000	22.625	BEFORE
4.500175	0.000	0.000	22.7890625	BEFORE
5.008303	0.000	0.000	22.8046875	BEFORE
5.500164	0.000	0.000	22.7734375	BEFORE
6.005283	0.001	0.000	22.6796875	BEFORE
6.500149	0.001	0.000	22.75	BEFORE
7.002373	0.001	0.000	22.71875	BEFORE
7.500230	0.001	0.000	22.7890625	BEFORE
8.002609	0.001	0.000	22.6953125	BEFORE
8.500156	0.001	0.000	22.6796875	BEFORE
9.005288	0.001	0.000	22.71875	BEFORE
9.500157	0.000	0.000	22.71875	BEFORE
10.005408	0.000	0.000	22.75	BEFORE
10.500133	0.001	0.000	22.5703125	BEFORE
11.001298	0.000	0.000	22.6796875	BEFORE
11.500292	0.001	0.000	22.859375	BEFORE
12.005176	0.000	0.000	22.6796875	BEFORE
12.500227	0.000	0.000	22.6953125	BEFORE
13.006730	0.001	0.000	22.6953125	BEFORE
13.500195	0.000	0.000	22.734375	BEFORE
14.000175	0.001	0.000	22.6796875	BEFORE
14.500224	0.001	0.000	22.6796875	BEFORE
15.001704	0.001	0.000	22.71875	BEFORE
15.500158	0.000	0.000	22.6796875	BEFORE
16.005274	0.000	0.000	22.640625	BEFORE
16.500223	0.000	0.000	22.640625	BEFORE
17.001955	0.000	0.000	22.6796875	BEFORE
17.500154	0.000	0.000	22.7890625	BEFORE
18.005308	0.001	0.000	22.75	BEFORE
18.500180	0.001	0.000	22.6640625	BEFORE
19.004512	0.000	0.000	22.640625	BEFORE
19.500252	0.000	0.000	22.609375	BEFORE
20.005364	0.001	0.000	22.75	BEFORE
20.500208	0.000	0.000	22.6953125	BEFORE
21.005166	0.000	0.000	22.6640625	BEFORE
21.500223	0.000	0.000	22.609375	BEFORE
22.005290	0.000	0.000	22.5703125	BEFORE
22.500198	0.000	0.000	22.6796875	BEFORE
23.005319	0.000	0.000	22.6796875	BEFORE
23.500198	0.000	0.000	22.7890625	BEFORE
24.005355	0.000	0.000	22.625	BEFORE
24.500151	0.000	0.000	22.640625	BEFORE
25.005367	0.000	0.000	22.609375	BEFORE
25.500202	0.000	0.000	22.609375	BEFORE
26.005342	0.000	0.000	22.734375	BEFORE
26.500181	0.000	0.000	22.609375	BEFORE
27.000856	0.000	0.000	22.6640625	BEFORE
27.500201	0.000	0.000	22.6796875	BEFORE
28.001231	0.001	0.000	22.5859375	BEFORE
28.500196	0.000	0.000	22.5703125	BEFORE
29.000801	0.000	0.000	22.625	BEFORE
29.500172	0.000	0.000	22.515625	BEFORE
30.005292	0.000	0.000	22.5859375	BEFORE
30.500193	0.000	0.000	22.53125	BEFORE
31.032308	0.000	0.000	22.5546875	BEFORE
31.500093	0.000	0.000	22.5859375	BEFORE
32.000981	0.000	0.000	22.5546875	BEFORE
32.500157	0.000	0.000	22.515625	BEFORE
33.005268	0.000	0.000	22.5546875	BEFORE
33.500223	0.001	0.000	22.4609375	BEFORE
34.005287	0.000	0.000	22.5859375	BEFORE
34.500159	0.001	0.000	22.5859375	BEFORE
35.003597	0.000	0.000	22.640625	BEFORE
35.500164	0.001	0.000	22.5703125	BEFORE
36.002896	0.001	0.000	22.625	BEFORE
36.500219	0.000	0.000	22.5546875	BEFORE
37.005316	0.001	0.000	22.625	BEFORE
37.500197	0.000	0.000	22.515625	BEFORE
38.001975	0.001	0.000	22.640625	BEFORE
38.500202	0.001	0.000	22.640625	BEFORE
39.005329	0.000	0.000	22.515625	BEFORE
39.500184	0.000	0.000	22.4765625	BEFORE
40.005304	0.001	0.000	22.4765625	BEFORE
40.500154	0.001	0.000	22.515625	BEFORE
41.001496	0.001	0.000	22.515625	BEFORE
41.500148	0.000	0.000	22.5546875	BEFORE
42.009238	0.000	0.000	22.4765625	BEFORE
42.500165	0.001	0.000	22.40625	BEFORE
43.005178	0.001	0.000	22.5859375	BEFORE
43.500178	0.001	0.000	22.5546875	BEFORE
44.000205	0.000	0.000	22.5	BEFORE
44.500208	0.001	0.000	22.3671875	BEFORE
45.008522	0.000	0.000	22.515625	BEFORE
45.500153	0.001	0.000	22.4609375	BEFORE
46.005353	0.001	0.000	22.53125	BEFORE
46.500152	0.000	0.000	22.515625	BEFORE
47.005340	0.001	0.000	22.5	BEFORE
47.500153	0.001	0.000	22.515625	BEFORE
48.007274	0.000	0.000	22.5546875	BEFORE
48.500150	0.001	0.000	22.4609375	BEFORE
49.005157	0.001	0.000	22.5859375	BEFORE
49.500571	0.000	0.000	22.5	BEFORE
50.005356	0.001	0.000	22.53125	BEFORE
50.500202	0.000	0.000	22.4765625	BEFORE
51.000980	0.001	0.000	22.40625	BEFORE
51.500176	0.000	0.000	22.4453125	BEFORE
52.005290	0.001	0.000	22.4453125	BEFORE
52.500149	0.001	0.000	22.515625	BEFORE
53.000314	0.000	0.000	22.5	BEFORE
53.500151	0.000	0.000	22.5	BEFORE
54.005284	0.001	0.000	22.3515625	BEFORE
54.500155	0.000	0.000	22.390625	BEFORE
55.006356	0.001	0.000	22.515625	BEFORE
55.500156	0.000	0.000	22.515625	BEFORE
56.005302	0.000	0.000	22.4609375	BEFORE
56.500156	0.000	0.000	22.40625	BEFORE
57.002975	0.000	0.000	22.3671875	BEFORE
57.500165	0.000	0.000	22.4453125	BEFORE
58.005336	0.000	0.000	22.53125	BEFORE
58.500207	0.000	0.000	22.4609375	BEFORE
59.000290	0.000	0.000	22.4765625	BEFORE
59.500160	0.000	0.000	22.3125	BEFORE
60.005344	0.000	0.000	22.3515625	BEFORE
61.003257	12.672	25.703	22.4765625	EXPOSING
61.500153	12.672	25.739	24.796875	EXPOSING
62.005332	12.672	25.765	25.96875	EXPOSING
62.500166	12.673	25.787	26.859375	EXPOSING
63.004406	12.673	25.796	27.6015625	EXPOSING
63.500195	12.672	25.813	28.3515625	EXPOSING
64.005332	12.673	25.826	28.8984375	EXPOSING
64.500214	12.672	25.837	29.4609375	EXPOSING
65.002815	12.673	25.847	29.984375	EXPOSING
65.500243	12.673	25.856	30.453125	EXPOSING
66.003285	12.673	25.865	30.796875	EXPOSING
66.500142	12.673	25.872	31.3984375	EXPOSING
67.005298	12.673	25.881	31.6640625	EXPOSING
67.500175	12.673	25.888	32.0625	EXPOSING
68.005180	12.673	25.895	32.390625	EXPOSING
68.500238	12.672	25.901	32.6796875	EXPOSING
69.005306	12.674	25.909	32.96875	EXPOSING
69.500157	12.674	25.915	33.2578125	EXPOSING
70.003468	12.673	25.919	33.6328125	EXPOSING
70.500197	12.673	25.929	34.140625	EXPOSING
71.005352	12.674	25.939	34.4296875	EXPOSING
71.500190	12.673	25.944	34.84375	EXPOSING
72.000805	12.672	25.949	35.1796875	EXPOSING
72.500173	12.673	25.955	35.4921875	EXPOSING
73.005291	12.673	25.957	35.6875	EXPOSING
73.500188	12.673	25.962	36.046875	EXPOSING
74.000675	12.673	25.966	36.1171875	EXPOSING
74.500074	12.673	25.971	36.296875	EXPOSING
75.005306	12.673	25.975	36.515625	EXPOSING
75.500151	12.673	25.981	36.8203125	EXPOSING
76.005316	12.673	25.984	37.0703125	EXPOSING
76.500178	12.673	25.990	37.28125	EXPOSING
77.002307	12.672	25.992	37.421875	EXPOSING
77.500143	12.672	25.998	37.609375	EXPOSING
78.005306	12.673	26.003	37.609375	EXPOSING
78.500144	12.673	26.006	37.859375	EXPOSING
79.001355	12.673	26.010	37.96875	EXPOSING
79.500200	12.673	26.013	38.140625	EXPOSING
80.004976	12.673	26.014	38.3046875	EXPOSING
80.500155	12.673	26.020	38.5	EXPOSING
81.005295	12.673	26.023	38.5	EXPOSING
81.500187	12.673	26.027	38.6640625	EXPOSING
82.004613	12.673	26.030	38.6796875	EXPOSING
82.500227	12.673	26.033	38.8203125	EXPOSING
83.005291	12.674	26.037	38.9296875	EXPOSING
83.500155	12.673	26.042	38.9609375	EXPOSING
84.000581	12.674	26.044	39.09375	EXPOSING
84.500180	12.673	26.047	39.1015625	EXPOSING
85.005344	12.673	26.051	39.140625	EXPOSING
85.500172	12.674	26.053	39.265625	EXPOSING
86.000167	12.673	26.055	39.234375	EXPOSING
86.500184	12.673	26.058	39.5	EXPOSING
87.003978	12.673	26.060	39.515625	EXPOSING
87.500217	12.673	26.063	39.6484375	EXPOSING
88.000760	12.674	26.064	39.7109375	EXPOSING
88.500147	12.673	26.068	39.8359375	EXPOSING
89.005325	12.673	26.070	39.8203125	EXPOSING
89.500178	12.674	26.071	39.9140625	EXPOSING
90.000094	12.673	26.073	40.0	EXPOSING
90.500158	12.673	26.077	40.1796875	EXPOSING
91.005325	12.673	26.080	40.1796875	EXPOSING
91.500184	12.673	26.082	40.3046875	EXPOSING
92.003847	12.673	26.082	40.515625	EXPOSING
92.500193	12.674	26.086	40.4453125	EXPOSING
93.005299	12.674	26.089	40.640625	EXPOSING
93.500142	12.674	26.092	40.6953125	EXPOSING
94.002580	12.673	26.094	40.734375	EXPOSING
94.500150	12.673	26.096	40.90625	EXPOSING
95.005362	12.673	26.097	40.984375	EXPOSING
95.500146	12.673	26.098	41.1015625	EXPOSING
96.001575	12.673	26.101	41.0859375	EXPOSING
96.500149	12.673	26.102	41.2109375	EXPOSING
97.005299	12.673	26.105	41.3359375	EXPOSING
97.500102	12.673	26.105	41.3671875	EXPOSING
98.001877	12.673	26.108	41.53125	EXPOSING
98.500145	12.674	26.110	41.6171875	EXPOSING
99.000369	12.673	26.112	41.7265625	EXPOSING
99.500180	12.673	26.114	41.765625	EXPOSING
100.003209	12.673	26.115	41.8125	EXPOSING
100.500220	12.673	26.116	41.8984375	EXPOSING
101.002463	12.674	26.119	41.9375	EXPOSING
101.500173	12.673	26.120	42.171875	EXPOSING
102.000570	12.672	26.122	42.203125	EXPOSING
102.500166	12.673	26.124	42.2890625	EXPOSING
103.005317	12.674	26.125	42.359375	EXPOSING
103.500175	12.674	26.128	42.484375	EXPOSING
104.004966	12.673	26.130	42.5390625	EXPOSING
104.500149	12.673	26.131	42.5703125	EXPOSING
105.005281	12.673	26.133	42.7109375	EXPOSING
105.500149	12.674	26.133	42.765625	EXPOSING
106.001703	12.673	26.135	42.8203125	EXPOSING
106.500181	12.672	26.136	42.9765625	EXPOSING
107.005317	12.673	26.139	43.15625	EXPOSING
107.500309	12.674	26.140	43.2421875	EXPOSING
108.004214	12.673	26.142	43.2421875	EXPOSING
108.500181	12.673	26.144	43.3203125	EXPOSING
109.000974	12.673	26.143	43.4375	EXPOSING
109.500182	12.674	26.146	43.53125	EXPOSING
110.000869	12.673	26.149	43.6015625	EXPOSING
110.500189	12.674	26.149	43.6328125	EXPOSING
111.005318	12.674	26.149	43.703125	EXPOSING
111.500156	12.674	26.153	43.8125	EXPOSING
112.001925	12.674	26.154	44.0234375	EXPOSING
112.500147	12.673	26.155	43.8984375	EXPOSING
113.005323	12.673	26.157	44.2578125	EXPOSING
113.500149	12.673	26.158	44.21875	EXPOSING
114.002094	12.674	26.159	44.2578125	EXPOSING
114.500174	12.673	26.160	44.4296875	EXPOSING
115.005339	12.674	26.162	44.5	EXPOSING
115.500142	12.674	26.162	44.5546875	EXPOSING
116.005265	12.673	26.163	44.625	EXPOSING
116.500162	12.674	26.164	44.71875	EXPOSING
117.003271	12.674	26.164	44.875	EXPOSING
117.500218	12.674	26.167	44.875	EXPOSING
118.003048	12.673	26.167	44.9453125	EXPOSING
118.500174	12.673	26.168	45.0546875	EXPOSING
119.001457	12.673	26.169	45.140625	EXPOSING
119.500170	12.673	26.171	45.2109375	EXPOSING
120.005288	12.674	26.169	45.25	EXPOSING
120.500147	12.674	26.170	45.3203125	EXPOSING
121.005336	12.673	26.172	45.4765625	EXPOSING
121.500150	12.673	26.173	45.5078125	EXPOSING
122.000541	12.673	26.173	45.65625	EXPOSING
122.500176	12.673	26.174	45.65625	EXPOSING
123.005386	12.673	26.176	45.6875	EXPOSING
123.500213	12.674	26.177	45.8671875	EXPOSING
124.001973	12.673	26.178	45.8984375	EXPOSING
124.500220	12.673	26.179	45.96875	EXPOSING
125.005338	12.673	26.181	45.96875	EXPOSING
125.500203	12.673	26.182	46.0234375	EXPOSING
126.004480	12.673	26.185	46.1328125	EXPOSING
126.500159	12.673	26.185	46.1796875	EXPOSING
127.005489	12.673	26.185	46.34375	EXPOSING
127.500162	12.673	26.187	46.34375	EXPOSING
128.002600	12.673	26.187	46.4140625	EXPOSING
128.500137	12.673	26.187	46.5	EXPOSING
129.009369	12.673	26.188	46.5390625	EXPOSING
129.500297	12.673	26.190	46.5859375	EXPOSING
130.005288	12.673	26.191	46.6953125	EXPOSING
130.500220	12.673	26.191	46.734375	EXPOSING
131.000970	12.673	26.193	46.90625	EXPOSING
131.500194	12.674	26.194	46.921875	EXPOSING
132.009371	12.673	26.195	46.9921875	EXPOSING
132.500199	12.674	26.197	46.9609375	EXPOSING
133.001314	12.673	26.197	46.9609375	EXPOSING
133.500152	12.673	26.198	47.03125	EXPOSING
134.005328	12.673	26.201	47.2109375	EXPOSING
134.500181	12.674	26.204	47.3515625	EXPOSING
135.003729	12.673	26.204	47.328125	EXPOSING
135.500139	12.673	26.203	47.4375	EXPOSING
136.005332	12.674	26.205	47.328125	EXPOSING
136.500199	12.674	26.204	47.5625	EXPOSING
137.000441	12.674	26.208	47.71875	EXPOSING
137.500197	12.673	26.207	47.71875	EXPOSING
138.006363	12.674	26.208	47.8046875	EXPOSING
138.500215	12.674	26.210	47.875	EXPOSING
139.003605	12.674	26.211	47.9453125	EXPOSING
139.500146	12.674	26.212	47.9453125	EXPOSING
140.005332	12.673	26.213	48.140625	EXPOSING
140.500187	12.674	26.214	48.1796875	EXPOSING
141.000965	12.674	26.215	48.3515625	EXPOSING
141.500223	12.674	26.216	48.4921875	EXPOSING
142.005318	12.673	26.217	48.4921875	EXPOSING
142.500161	12.674	26.217	48.5625	EXPOSING
143.001794	12.674	26.218	48.4921875	EXPOSING
143.500162	12.674	26.220	48.6171875	EXPOSING
144.003965	12.674	26.219	48.65625	EXPOSING
144.500169	12.674	26.219	48.6328125	EXPOSING
145.001833	12.673	26.220	48.6875	EXPOSING
145.500205	12.673	26.220	48.703125	EXPOSING
146.000999	12.674	26.222	48.8125	EXPOSING
146.500242	12.673	26.223	48.8671875	EXPOSING
147.005064	12.673	26.226	48.96875	EXPOSING
147.500157	12.674	26.226	48.984375	EXPOSING
148.005313	12.673	26.225	49.125	EXPOSING
148.500172	12.673	26.226	49.09375	EXPOSING
149.001699	12.673	26.226	49.203125	EXPOSING
149.500218	12.674	26.227	49.1484375	EXPOSING
150.008052	12.673	26.229	49.3046875	EXPOSING
150.500158	12.673	26.230	49.375	EXPOSING
151.005332	12.673	26.229	49.515625	EXPOSING
151.500176	12.673	26.230	49.5546875	EXPOSING
152.001011	12.673	26.233	49.5546875	EXPOSING
152.500143	12.674	26.233	49.5703125	EXPOSING
153.005285	12.674	26.236	49.65625	EXPOSING
153.500153	12.674	26.236	49.6875	EXPOSING
154.002789	12.673	26.235	49.671875	EXPOSING
154.500175	12.673	26.237	49.78125	EXPOSING
155.005319	12.674	26.237	49.765625	EXPOSING
155.500173	12.674	26.238	49.90625	EXPOSING
156.003220	12.673	26.239	49.953125	EXPOSING
156.500173	12.674	26.239	50.0390625	EXPOSING
157.005343	12.673	26.241	50.1640625	EXPOSING
157.500160	12.673	26.241	50.234375	EXPOSING
158.005298	12.674	26.241	50.1484375	EXPOSING
158.499961	12.673	26.243	50.2578125	EXPOSING
159.101832	12.674	26.244	50.3046875	EXPOSING
159.500043	12.674	26.244	50.359375	EXPOSING
160.003726	12.672	26.246	50.46875	EXPOSING
161.002772	0.053	0.005	50.359375	WAIT
161.500183	0.001	0.000	48.2109375	WAIT
162.005328	0.001	0.000	47.4375	WAIT
162.500181	0.001	0.000	46.75	WAIT
163.005117	0.001	0.000	46.2734375	WAIT
163.500157	0.001	0.000	46.0078125	WAIT
164.005328	0.001	0.000	45.4765625	WAIT
164.500230	0.001	0.000	45.0546875	WAIT
165.004350	0.001	0.000	44.7890625	WAIT
165.500143	0.001	0.000	44.203125	WAIT
166.005275	0.001	0.000	44.0234375	WAIT
166.500195	0.000	0.000	43.828125	WAIT
167.004592	0.001	0.000	43.40625	WAIT
167.500176	0.001	0.000	43.3203125	WAIT
168.005282	0.000	0.000	43.015625	WAIT
168.500154	0.001	0.000	42.625	WAIT
169.003896	0.001	0.000	42.5390625	WAIT
169.500224	0.000	0.000	42.1171875	WAIT
170.005227	0.000	0.000	41.8125	WAIT
170.500210	0.001	0.000	41.7265625	WAIT
171.000943	0.000	0.000	41.4921875	WAIT
171.500164	0.001	0.000	41.171875	WAIT
172.007473	0.000	0.000	40.984375	WAIT
172.500178	0.001	0.000	40.7421875	WAIT
173.006158	0.002	0.000	40.546875	WAIT
173.500160	0.001	0.000	40.3359375	WAIT
174.001709	0.001	0.000	40.140625	WAIT
174.500170	0.001	0.000	39.875	WAIT
175.005343	0.001	0.000	39.6953125	WAIT
175.500208	0.000	0.000	39.5546875	WAIT
176.005187	0.001	0.000	39.2109375	WAIT
176.500200	0.000	0.000	39.1953125	WAIT
177.005312	0.000	0.000	38.9296875	WAIT
177.500160	0.000	0.000	38.75	WAIT
178.003222	0.001	0.000	38.6796875	WAIT
178.508074	0.000	0.000	38.3359375	WAIT
179.005347	0.001	0.000	38.1953125	WAIT
179.500152	0.001	0.000	38.0859375	WAIT
180.005374	0.000	0.000	37.859375	WAIT
180.500147	0.000	0.000	37.8359375	WAIT
181.005322	0.001	0.000	37.6953125	WAIT
181.500146	0.000	0.000	37.4609375	WAIT
182.002747	0.001	0.000	37.4453125	WAIT
182.500175	0.001	0.000	37.28125	WAIT
183.005352	0.001	0.000	37.109375	WAIT
183.500208	0.001	0.000	36.9609375	WAIT
184.004870	0.001	0.000	36.8359375	WAIT
184.500201	0.001	0.000	36.75	WAIT
185.000742	0.001	0.000	36.53125	WAIT
185.500196	0.001	0.000	36.4765625	WAIT
186.004839	0.001	0.000	36.390625	WAIT
186.500215	0.000	0.000	36.1875	WAIT
187.002035	0.001	0.000	36.078125	WAIT
187.500164	0.001	0.000	35.90625	WAIT
188.005258	0.000	0.000	35.7578125	WAIT
188.500189	0.001	0.000	35.7421875	WAIT
189.002252	0.001	0.000	35.703125	WAIT
189.500153	0.001	0.000	35.578125	WAIT
190.005315	0.001	0.000	35.4921875	WAIT
190.500158	0.000	0.000	35.21875	WAIT
191.005364	0.000	0.000	35.1796875	WAIT
191.500158	0.000	0.000	35.203125	WAIT
192.005303	0.000	0.000	35.0234375	WAIT
192.500252	0.001	0.000	34.953125	WAIT
193.004806	0.001	0.000	34.8203125	WAIT
193.500206	0.001	0.000	34.734375	WAIT
194.004582	0.000	0.000	34.6484375	WAIT
194.500183	0.000	0.000	34.5	WAIT
195.002913	0.000	0.000	34.5	WAIT
195.500168	0.000	0.000	34.4453125	WAIT
196.005285	0.001	0.000	34.3203125	WAIT
196.500167	0.001	0.000	34.171875	WAIT
197.004120	0.001	0.000	34.171875	WAIT
197.500180	0.001	0.000	33.9921875	WAIT
198.005310	0.001	0.000	33.9921875	WAIT
198.500267	0.000	0.000	33.90625	WAIT
199.004243	0.001	0.000	33.8828125	WAIT
199.500214	0.001	0.000	33.8671875	WAIT
200.005310	0.001	0.000	33.7109375	WAIT
200.500195	0.001	0.000	33.671875	WAIT
201.004474	0.001	0.000	33.5625	WAIT
201.500137	0.001	0.000	33.3984375	WAIT
202.005334	0.001	0.000	33.3984375	WAIT
202.500172	0.000	0.000	33.2890625	WAIT
203.005424	0.001	0.000	33.2734375	WAIT
203.500148	0.001	0.000	33.328125	WAIT
204.005398	0.000	0.000	33.171875	WAIT
204.500167	0.000	0.000	33.0625	WAIT
205.002260	0.000	0.000	33.0625	WAIT
205.500364	0.001	0.000	32.96875	WAIT
206.005335	0.000	0.000	32.890625	WAIT
206.500219	0.001	0.000	32.84375	WAIT
207.005293	0.001	0.000	32.8828125	WAIT
207.500184	0.001	0.000	32.71875	WAIT
208.004672	0.000	0.000	32.609375	WAIT
208.500196	0.000	0.000	32.6640625	WAIT
209.006860	0.001	0.000	32.5859375	WAIT
209.500155	0.000	0.000	32.5859375	WAIT
210.005325	0.000	0.000	32.375	WAIT
210.500155	0.000	0.000	32.375	WAIT
211.007443	0.001	0.000	32.265625	WAIT
211.500156	0.000	0.000	32.171875	WAIT
212.005289	0.001	0.000	32.265625	WAIT
212.500175	0.001	0.000	32.046875	WAIT
213.005286	0.001	0.000	32.0859375	WAIT
213.500170	0.001	0.000	32.0859375	WAIT
214.003500	0.001	0.000	31.9921875	WAIT
214.500232	0.000	0.000	32.1015625	WAIT
215.000659	0.000	0.000	31.9765625	WAIT
215.500158	0.001	0.000	31.9921875	WAIT
216.002080	0.001	0.000	31.7421875	WAIT
216.500152	0.001	0.000	31.7578125	WAIT
217.005349	0.001	0.000	31.7421875	WAIT
217.500166	0.001	0.000	31.6328125	WAIT
218.004040	0.001	0.000	31.6484375	WAIT
218.500145	0.001	0.000	31.59375	WAIT
219.005284	0.001	0.000	31.5390625	WAIT
219.500160	0.001	0.000	31.46875	WAIT
220.002369	0.001	0.000	31.5390625	WAIT
220.500167	0.001	0.000	31.375	WAIT
221.005283	0.001	0.000	31.3984375	WAIT
221.500166	0.000	0.000	31.359375	WAIT
222.003692	0.001	0.000	31.3203125	WAIT
222.500233	0.001	0.000	31.234375	WAIT
223.000715	0.001	0.000	31.25	WAIT
223.500150	0.001	0.000	31.125	WAIT
224.005332	0.001	0.000	31.109375	WAIT
224.500231	0.000	0.000	30.9765625	WAIT
225.156674	0.001	0.000	31.109375	WAIT
225.500003	0.001	0.000	31.125	WAIT
226.003785	0.000	0.000	30.9296875	WAIT
226.500215	0.000	0.000	30.8359375	WAIT
227.007260	0.001	0.000	30.9453125	WAIT
227.500206	0.001	0.000	30.8515625	WAIT
228.005293	0.000	0.000	30.8359375	WAIT
228.500167	0.001	0.000	30.65625	WAIT
229.004504	0.000	0.000	30.796875	WAIT
229.500175	0.000	0.000	30.6171875	WAIT
230.005354	0.000	0.000	30.65625	WAIT
230.500160	0.001	0.000	30.6328125	WAIT
231.015760	0.000	0.000	30.5078125	WAIT
231.500117	0.001	0.000	30.4765625	WAIT
232.005327	0.000	0.000	30.5859375	WAIT
232.500164	0.000	0.000	30.3828125	WAIT
233.004810	0.000	0.000	30.421875	WAIT
233.500173	0.000	0.000	30.4375	WAIT
234.005331	0.000	0.000	30.34375	WAIT
234.500199	0.000	0.000	30.3671875	WAIT
235.005304	0.001	0.000	30.34375	WAIT
235.500161	0.001	0.000	30.2421875	WAIT
236.004188	0.001	0.000	30.2890625	WAIT
236.500126	0.001	0.000	30.1640625	WAIT
237.005314	0.000	0.000	30.203125	WAIT
237.500149	0.000	0.000	30.2734375	WAIT
238.003444	0.001	0.000	30.21875	WAIT
238.500146	0.001	0.000	30.1328125	WAIT
239.005336	0.001	0.000	30.109375	WAIT
239.500183	0.001	0.000	30.0	WAIT
240.004215	0.001	0.000	30.015625	WAIT
240.500187	0.000	0.000	30.0	WAIT
241.005292	0.001	0.000	30.0	WAIT
241.500175	0.001	0.000	30.015625	WAIT
242.008302	0.001	0.000	29.859375	WAIT
242.500169	0.001	0.000	29.9296875	WAIT
243.005342	0.001	0.000	29.875	WAIT
243.500178	0.001	0.000	29.8046875	WAIT
244.005315	0.001	0.000	29.78125	WAIT
244.500212	0.001	0.000	29.8046875	WAIT
245.001027	0.001	0.000	29.6953125	WAIT
245.500171	0.001	0.000	29.7265625	WAIT
246.005360	0.001	0.000	29.7265625	WAIT
246.500288	0.001	0.000	29.7109375	WAIT
247.005367	0.000	0.000	29.5703125	WAIT
247.500161	0.000	0.000	29.5703125	WAIT
248.002824	0.001	0.000	29.5859375	WAIT
248.500206	0.001	0.000	29.5703125	WAIT
249.006802	0.001	0.000	29.4921875	WAIT
249.500194	0.000	0.000	29.546875	WAIT
250.000949	0.001	0.000	29.2578125	WAIT
250.500215	0.001	0.000	29.4375	WAIT
251.005239	0.001	0.000	29.3125	WAIT
251.500157	0.001	0.000	29.3125	WAIT
252.004140	0.001	0.000	29.3828125	WAIT
252.500163	0.001	0.000	29.2734375	WAIT
253.005288	0.001	0.000	29.296875	WAIT
253.500147	0.000	0.000	29.3125	WAIT
254.005075	0.001	0.000	29.2421875	WAIT
254.500224	0.001	0.000	29.2265625	WAIT
255.005984	0.001	0.000	29.2265625	WAIT
255.500239	0.000	0.000	29.1328125	WAIT
256.001841	0.001	0.000	29.2421875	WAIT
256.500192	0.001	0.000	29.1875	WAIT
257.000865	0.001	0.000	29.1171875	WAIT
257.500219	0.000	0.000	29.0390625	WAIT
258.005351	0.001	0.000	29.078125	WAIT
258.500164	0.001	0.000	28.984375	WAIT
259.004988	0.001	0.000	28.96875	WAIT
259.500167	0.001	0.000	29.0234375	WAIT
260.005335	0.001	0.000	28.8984375	WAIT
260.500150	0.001	0.000	29.09375	WAIT
261.005327	0.001	0.000	28.9453125	WAIT
261.500159	0.001	0.000	28.9140625	WAIT
262.002028	0.001	0.000	28.9140625	WAIT
262.500149	0.001	0.000	28.9140625	WAIT
263.005318	0.000	0.000	28.8046875	WAIT
263.500177	0.000	0.000	28.84375	WAIT
264.001106	0.000	0.000	28.75	WAIT
264.500151	0.000	0.000	28.7890625	WAIT
265.004198	0.001	0.000	28.6796875	WAIT
265.500222	0.001	0.000	28.7109375	WAIT
266.004978	0.001	0.000	28.65625	WAIT
266.500149	0.001	0.000	28.65625	WAIT
267.005308	0.001	0.000	28.4453125	WAIT
267.500165	0.000	0.000	28.6953125	WAIT
268.003590	0.000	0.000	28.5703125	WAIT
268.500165	0.000	0.000	28.65625	WAIT
269.003279	0.001	0.000	28.5546875	WAIT
269.500718	0.001	0.000	28.4453125	WAIT
270.005307	0.000	0.000	28.4765625	WAIT
270.500238	0.000	0.000	28.53125	WAIT
271.001900	0.001	0.000	28.5546875	WAIT
271.500184	0.000	0.000	28.4453125	WAIT
272.005294	0.000	0.000	28.4609375	WAIT
272.500149	0.000	0.000	28.421875	WAIT
273.000973	0.001	0.000	28.296875	WAIT
273.500145	0.000	0.000	28.3671875	WAIT
274.005293	0.001	0.000	28.2578125	WAIT
274.500174	0.001	0.000	28.3125	WAIT
275.000576	0.001	0.000	28.3125	WAIT
275.500159	0.001	0.000	28.296875	WAIT
276.005334	0.001	0.000	28.2265625	WAIT
276.500174	0.001	0.000	28.296875	WAIT
277.005302	0.001	0.000	28.3125	WAIT
277.500204	0.000	0.000	28.1328125	WAIT
278.001402	0.001	0.000	28.2265625	WAIT
278.500210	0.000	0.000	28.1328125	WAIT
279.004295	0.000	0.000	28.0625	WAIT
279.500120	0.001	0.000	28.1875	WAIT
280.005340	0.001	0.000	28.1328125	WAIT
280.500143	0.001	0.000	28.0390625	WAIT
281.004326	0.001	0.000	28.0390625	WAIT
281.500162	0.000	0.000	27.875	WAIT
282.005323	0.000	0.000	27.953125	WAIT
282.500345	0.001	0.000	28.0078125	WAIT
283.005349	0.000	0.000	27.953125	WAIT
283.500184	0.000	0.000	27.953125	WAIT
284.004617	0.000	0.000	27.875	WAIT
284.500160	0.001	0.000	27.9140625	WAIT
285.005262	0.000	0.000	27.8984375	WAIT
285.500159	0.001	0.000	27.828125	WAIT
286.002659	0.001	0.000	27.859375	WAIT
286.500151	0.001	0.000	27.9140625	WAIT
287.005328	0.001	0.000	27.84375	WAIT
287.500418	0.000	0.000	27.859375	WAIT
288.000643	0.001	0.000	27.828125	WAIT
288.500151	0.001	0.000	27.71875	WAIT
289.005155	0.001	0.000	27.7890625	WAIT
289.500201	0.001	0.000	27.65625	WAIT
290.002108	0.001	0.000	27.75	WAIT
290.500330	0.001	0.000	27.7734375	WAIT
291.000625	0.001	0.000	27.75	WAIT
291.500213	0.001	0.000	27.6015625	WAIT
292.001758	0.000	0.000	27.6953125	WAIT
292.500164	0.001	0.000	27.5	WAIT
293.005280	0.001	0.000	27.640625	WAIT
293.500165	0.001	0.000	27.6015625	WAIT
294.000214	0.001	0.000	27.4453125	WAIT
294.550251	0.001	0.000	27.5	WAIT
295.005373	0.001	0.000	27.53125	WAIT
295.500119	0.001	0.000	27.5859375	WAIT
296.000159	0.001	0.000	27.4453125	WAIT
296.500341	0.001	0.000	27.5	WAIT
297.000173	0.000	0.000	27.546875	WAIT
297.506968	0.001	0.000	27.53125	WAIT
298.000161	0.000	0.000	27.4765625	WAIT
298.504343	0.000	0.000	27.5703125	WAIT
299.001390	0.001	0.000	27.4453125	WAIT
299.500147	0.001	0.000	27.4765625	WAIT
300.005300	0.001	0.000	27.390625	WAIT
300.500153	0.000	0.000	27.2421875	WAIT
301.002931	0.001	0.000	27.4453125	WAIT
301.500240	0.001	0.000	27.4609375	WAIT
302.005319	0.001	0.000	27.28125	WAIT
302.500169	0.000	0.000	27.2265625	WAIT
303.002368	0.000	0.000	27.3125	WAIT
303.500243	0.001	0.000	27.3125	WAIT
304.005354	0.001	0.000	27.203125	WAIT
304.500229	0.001	0.000	27.2265625	WAIT
305.001356	0.001	0.000	27.203125	WAIT
305.500162	0.001	0.000	27.296875	WAIT
306.005283	0.001	0.000	27.2265625	WAIT
306.500181	0.001	0.000	27.0234375	WAIT
307.000809	0.000	0.000	27.296875	WAIT
307.500133	0.001	0.000	27.203125	WAIT
308.001496	0.001	0.000	27.0234375	WAIT
308.500176	0.001	0.000	27.1328125	WAIT
309.005361	0.001	0.000	27.0078125	WAIT
309.500191	0.001	0.000	27.1328125	WAIT
310.005325	0.000	0.000	27.0390625	WAIT
310.500178	0.000	0.000	27.0234375	WAIT
311.001993	0.001	0.000	27.09375	WAIT
311.500158	0.000	0.000	27.078125	WAIT
312.005309	0.001	0.000	27.0078125	WAIT
312.500189	0.000	0.000	27.0625	WAIT
313.005294	0.000	0.000	26.953125	WAIT
313.500169	0.000	0.000	26.984375	WAIT
314.002488	0.000	0.000	27.0234375	WAIT
314.500218	0.000	0.000	26.8984375	WAIT
315.005271	0.000	0.000	26.859375	WAIT
315.500163	0.000	0.000	26.9296875	WAIT
316.002375	0.001	0.000	26.8203125	WAIT
316.500140	0.001	0.000	26.875	WAIT
317.005313	0.001	0.000	26.8203125	WAIT
317.500180	0.001	0.000	26.859375	WAIT
318.001872	0.001	0.000	26.8203125	WAIT
318.500161	0.000	0.000	26.7734375	WAIT
319.005316	0.000	0.000	26.84375	WAIT
319.500191	0.000	0.000	26.8984375	WAIT
320.002334	0.000	0.000	26.7109375	WAIT
320.500184	0.000	0.000	26.6796875	WAIT
321.003078	0.000	0.000	26.734375	WAIT
321.500185	0.000	0.000	26.7109375	WAIT
322.003970	0.001	0.000	26.6953125	WAIT
322.500151	0.001	0.000	26.6953125	WAIT
323.005306	0.000	0.000	26.6953125	WAIT
323.500121	0.001	0.000	26.65625	WAIT
324.001445	0.000	0.000	26.75	WAIT
324.500171	0.000	0.000	26.7109375	WAIT
325.005340	0.000	0.000	26.6015625	WAIT
325.500167	0.001	0.000	26.625	WAIT
326.002151	0.001	0.000	26.53125	WAIT
326.500199	0.001	0.000	26.546875	WAIT
327.005486	0.001	0.000	26.5859375	WAIT
327.500134	0.000	0.000	26.5859375	WAIT
328.005366	0.000	0.000	26.53125	WAIT
328.500155	0.001	0.000	26.546875	WAIT
329.001496	0.001	0.000	26.4921875	WAIT
329.500182	0.001	0.000	26.421875	WAIT
330.005306	0.001	0.000	26.4375	WAIT
330.500171	0.000	0.000	26.546875	WAIT
331.004231	0.000	0.000	26.53125	WAIT
331.500149	0.000	0.000	26.421875	WAIT
332.005295	0.001	0.000	26.4609375	WAIT
332.500201	0.000	0.000	26.53125	WAIT
333.001350	0.001	0.000	26.421875	WAIT
333.500153	0.000	0.000	26.421875	WAIT
334.005354	0.001	0.000	26.3515625	WAIT
334.500297	0.000	0.000	26.3515625	WAIT
335.005029	0.001	0.000	26.3671875	WAIT
335.500139	0.000	0.000	26.40625	WAIT
336.005340	0.000	0.000	26.390625	WAIT
336.500151	0.001	0.000	26.3359375	WAIT
337.004564	0.000	0.000	26.40625	WAIT
337.500189	0.001	0.000	26.3125	WAIT
338.005308	0.001	0.000	26.296875	WAIT
338.500156	0.001	0.000	26.296875	WAIT
339.005302	0.001	0.000	26.203125	WAIT
339.500146	0.001	0.000	26.3125	WAIT
