#Resonance Frequency: 570500.000 kHz
#Set Current: 16.42 A
Time [s]	Current [A]	Voltage [V]	T0 [degC]	State
0.000023	0.001	0.000	23.9765625	BEFORE
0.506299	0.001	0.000	23.9765625	BEFORE
0.994939	0.001	0.000	23.9453125	BEFORE
1.498274	0.001	0.000	24.0	BEFORE
1.995094	0.000	0.000	23.921875	BEFORE
2.500317	0.001	0.000	23.9453125	BEFORE
2.995107	0.000	0.000	24.0	BEFORE
3.497200	0.000	0.000	23.90625	BEFORE
3.995066	0.001	0.000	23.9609375	BEFORE
4.500282	0.000	0.000	23.8828125	BEFORE
4.995094	0.001	0.000	23.9765625	BEFORE
5.495686	0.000	0.000	23.796875	BEFORE
5.995122	0.000	0.000	23.7578125	BEFORE
6.500319	0.000	0.000	24.03125	BEFORE
6.995096	0.000	0.000	23.8125	BEFORE
7.499923	0.000	0.000	23.8671875	BEFORE
7.995074	0.000	0.000	23.7578125	BEFORE
8.500321	0.000	0.000	23.90625	BEFORE
8.995156	0.000	0.000	23.9453125	BEFORE
9.500300	0.000	0.000	23.7421875	BEFORE
9.995111	0.000	0.000	23.90625	BEFORE
10.497779	0.000	0.000	23.8828125	BEFORE
10.995156	0.000	0.000	23.828125	BEFORE
11.500276	0.000	0.000	23.8828125	BEFORE
11.995102	0.000	0.000	23.828125	BEFORE
12.506299	0.001	0.000	23.90625	BEFORE
12.995088	0.001	0.000	23.828125	BEFORE
13.500386	0.000	0.000	23.8125	BEFORE
13.995085	0.000	0.000	23.8515625	BEFORE
14.500267	0.000	0.000	23.7734375	BEFORE
14.995094	0.001	0.000	23.796875	BEFORE
15.500281	0.000	0.000	23.7734375	BEFORE
15.995093	0.001	0.000	23.796875	BEFORE
16.497014	0.000	0.000	23.8671875	BEFORE
16.995090	0.000	0.000	23.7734375	BEFORE
17.500269	0.000	0.000	23.8671875	BEFORE
17.995106	0.001	0.000	23.703125	BEFORE
18.495581	0.000	0.000	23.6484375	BEFORE
18.995094	0.000	0.000	23.7578125	BEFORE
19.500263	0.000	0.000	23.7265625	BEFORE
19.995096	0.000	0.000	23.796875	BEFORE
20.495434	0.001	0.000	23.796875	BEFORE
20.995082	0.000	0.000	23.8671875	BEFORE
21.500273	0.000	0.000	23.703125	BEFORE
21.995125	0.000	0.000	23.6640625	BEFORE
22.499555	0.001	0.000	23.8125	BEFORE
22.995169	0.000	0.000	23.6484375	BEFORE
23.500270	0.001	0.000	23.796875	BEFORE
23.995146	0.000	0.000	23.7265625	BEFORE
24.500331	0.001	0.000	23.7734375	BEFORE
24.995189	0.000	0.000	23.7265625	BEFORE
25.497031	0.000	0.000	23.6328125	BEFORE
25.995085	0.000	0.000	23.6640625	BEFORE
26.500298	0.000	0.000	23.6875	BEFORE
26.995090	0.000	0.000	23.59375	BEFORE
27.496474	0.000	0.000	23.6875	BEFORE
27.995124	0.001	0.000	23.6484375	BEFORE
28.500284	0.000	0.000	23.6484375	BEFORE
28.995117	0.000	0.000	23.578125	BEFORE
29.500258	0.000	0.000	23.6484375	BEFORE
29.995188	0.000	0.000	23.703125	BEFORE
30.499007	0.000	0.000	23.6328125	BEFORE
30.995120	0.000	0.000	23.5390625	BEFORE
31.496142	0.000	0.000	23.59375	BEFORE
31.995187	0.001	0.000	23.6328125	BEFORE
32.495537	0.000	0.000	23.5234375	BEFORE
32.995121	0.000	0.000	23.6328125	BEFORE
33.498594	0.000	0.000	23.59375	BEFORE
33.995074	0.001	0.000	23.5234375	BEFORE
34.500291	0.000	0.000	23.609375	BEFORE
34.995096	0.001	0.000	23.6875	BEFORE
35.498689	0.001	0.000	23.609375	BEFORE
35.995108	0.000	0.000	23.5	BEFORE
36.500298	0.000	0.000	23.6328125	BEFORE
36.995145	0.001	0.000	23.484375	BEFORE
37.500288	0.000	0.000	23.5546875	BEFORE
37.995101	0.000	0.000	23.578125	BEFORE
38.498424	0.000	0.000	23.59375	BEFORE
38.995108	0.001	0.000	23.4296875	BEFORE
39.500283	0.000	0.000	23.5234375	BEFORE
39.995173	0.000	0.000	23.5234375	BEFORE
40.499535	0.001	0.000	23.59375	BEFORE
40.995065	0.001	0.000	23.4140625	BEFORE
41.500324	0.000	0.000	23.484375	BEFORE
41.995094	0.001	0.000	23.390625	BEFORE
42.495216	0.001	0.000	23.5	BEFORE
42.995075	0.001	0.000	23.5546875	BEFORE
43.500301	0.000	0.000	23.484375	BEFORE
43.995140	0.001	0.000	23.578125	BEFORE
44.500305	0.000	0.000	23.609375	BEFORE
44.995119	0.001	0.000	23.484375	BEFORE
45.496910	0.000	0.000	23.484375	BEFORE
45.995067	0.001	0.000	23.28125	BEFORE
46.500272	0.001	0.000	23.5	BEFORE
46.995105	0.001	0.000	23.4453125	BEFORE
47.500042	0.000	0.000	23.4296875	BEFORE
47.995102	0.000	0.000	23.46875	BEFORE
48.497276	0.000	0.000	23.4296875	BEFORE
48.995169	0.001	0.000	23.390625	BEFORE
49.500343	0.000	0.000	23.390625	BEFORE
49.995095	0.001	0.000	23.46875	BEFORE
50.505358	0.000	0.000	23.359375	BEFORE
50.995107	0.000	0.000	23.390625	BEFORE
51.500318	0.001	0.000	23.46875	BEFORE
51.995086	0.000	0.000	23.375	BEFORE
52.498566	0.000	0.000	23.4453125	BEFORE
52.995078	0.000	0.000	23.4140625	BEFORE
53.500246	0.001	0.000	23.359375	BEFORE
53.995115	0.000	0.000	23.375	BEFORE
54.498652	0.000	0.000	23.46875	BEFORE
54.995087	0.000	0.000	23.359375	BEFORE
55.500251	0.000	0.000	23.3359375	BEFORE
55.995093	0.000	0.000	23.46875	BEFORE
56.500336	0.000	0.000	23.46875	BEFORE
56.995170	0.001	0.000	23.46875	BEFORE
57.505633	0.000	0.000	23.390625	BEFORE
57.995100	0.001	0.000	23.375	BEFORE
58.500257	0.001	0.000	23.46875	BEFORE
58.995082	0.000	0.000	23.359375	BEFORE
59.497455	0.001	0.000	23.46875	BEFORE
59.995078	0.000	0.000	23.3359375	BEFORE
60.995147	16.404	38.779	23.28125	EXPOSING
61.497937	16.406	38.880	31.46875	EXPOSING
61.995084	16.407	38.992	37.890625	EXPOSING
62.500315	16.407	39.088	42.46875	EXPOSING
62.995107	16.407	39.172	46.8046875	EXPOSING
63.500288	16.406	39.248	50.1328125	EXPOSING
63.995109	16.407	39.318	52.9765625	EXPOSING
64.495797	16.408	39.351	54.9921875	EXPOSING
64.995091	16.408	39.410	56.84375	EXPOSING
65.500280	16.408	39.467	58.3203125	EXPOSING
65.995068	16.407	39.520	59.8515625	EXPOSING
66.498514	16.407	39.567	61.03125	EXPOSING
66.995053	16.407	39.615	62.1796875	EXPOSING
67.500241	16.408	39.658	63.1796875	EXPOSING
67.995133	16.407	39.689	64.234375	EXPOSING
68.503866	16.408	39.730	64.875	EXPOSING
68.995086	16.406	39.767	65.6171875	EXPOSING
69.686816	16.407	39.810	66.3203125	EXPOSING
69.994907	16.408	39.827	67.171875	EXPOSING
70.497431	16.407	39.859	67.578125	EXPOSING
70.995125	16.407	39.883	68.3203125	EXPOSING
71.500285	16.408	39.915	68.875	EXPOSING
71.995123	16.407	39.943	69.25	EXPOSING
72.498566	16.407	39.973	69.6015625	EXPOSING
72.995108	16.407	39.998	69.984375	EXPOSING
73.500259	16.407	40.023	70.5390625	EXPOSING
73.995114	16.407	40.048	70.7890625	EXPOSING
74.497843	16.407	40.065	71.046875	EXPOSING
74.995104	16.405	40.090	71.4609375	EXPOSING
75.500314	16.407	40.107	71.796875	EXPOSING
75.995119	16.407	40.129	72.4140625	EXPOSING
76.500281	16.406	40.144	72.7890625	EXPOSING
76.995100	16.407	40.170	73.3203125	EXPOSING
77.498273	16.407	40.189	73.609375	EXPOSING
77.995116	16.408	40.211	73.9296875	EXPOSING
78.498257	16.407	40.226	74.3046875	EXPOSING
78.995124	16.408	40.248	74.6328125	EXPOSING
79.503860	16.407	40.264	74.8828125	EXPOSING
79.995112	16.406	40.285	75.4140625	EXPOSING
80.500312	16.407	40.306	75.71875	EXPOSING
80.995104	16.408	40.317	76.15625	EXPOSING
81.498878	16.409	40.331	76.5703125	EXPOSING
81.995077	16.407	40.347	76.9609375	EXPOSING
82.500287	16.407	40.360	77.3671875	EXPOSING
82.995100	16.407	40.374	77.7109375	EXPOSING
83.498755	16.407	40.391	78.3046875	EXPOSING
83.995136	16.407	40.406	78.734375	EXPOSING
84.500287	16.407	40.420	79.0546875	EXPOSING
84.995159	16.408	40.430	79.6796875	EXPOSING
85.498947	16.408	40.444	80.0078125	EXPOSING
85.995108	16.407	40.450	80.609375	EXPOSING
86.499017	16.407	40.462	80.9140625	EXPOSING
86.995109	16.407	40.473	81.2890625	EXPOSING
87.500275	16.407	40.487	81.6953125	EXPOSING
87.995095	16.407	40.498	82.2265625	EXPOSING
88.495412	16.407	40.509	82.515625	EXPOSING
88.995086	16.407	40.522	82.9140625	EXPOSING
89.500327	16.408	40.536	83.390625	EXPOSING
89.995084	16.407	40.548	83.890625	EXPOSING
90.498377	16.408	40.557	84.2109375	EXPOSING
90.995077	16.407	40.568	84.6796875	EXPOSING
91.500303	16.407	40.572	85.1171875	EXPOSING
91.995159	16.407	40.580	85.484375	EXPOSING
92.498613	16.408	40.594	86.0078125	EXPOSING
92.995119	16.407	40.599	86.2265625	EXPOSING
93.497449	16.407	40.608	86.7421875	EXPOSING
93.995101	16.407	40.613	87.2578125	EXPOSING
94.500294	16.407	40.618	87.609375	EXPOSING
94.995104	16.408	40.628	88.1953125	EXPOSING
95.498533	16.407	40.636	88.6015625	EXPOSING
95.995091	16.407	40.642	89.046875	EXPOSING
96.500327	16.407	40.653	89.46875	EXPOSING
96.995112	16.407	40.657	89.8125	EXPOSING
97.496671	16.408	40.664	90.4375	EXPOSING
97.995201	16.407	40.669	90.8828125	EXPOSING
98.500296	16.407	40.677	91.1640625	EXPOSING
98.995124	16.407	40.685	91.5	EXPOSING
99.500301	16.408	40.691	91.828125	EXPOSING
99.995095	16.407	40.699	92.1171875	EXPOSING
100.495242	16.408	40.708	92.53125	EXPOSING
100.995123	16.407	40.711	93.03125	EXPOSING
101.500288	16.408	40.719	93.328125	EXPOSING
101.995157	16.407	40.727	93.9140625	EXPOSING
102.496263	16.407	40.737	94.3125	EXPOSING
102.995118	16.407	40.742	94.671875	EXPOSING
103.495756	16.408	40.745	95.15625	EXPOSING
103.995090	16.408	40.749	95.6015625	EXPOSING
104.504473	16.408	40.755	95.9453125	EXPOSING
104.995095	16.408	40.763	96.4296875	EXPOSING
105.498120	16.408	40.768	96.7890625	EXPOSING
105.995053	16.408	40.776	97.2578125	EXPOSING
106.500386	16.406	40.782	97.6328125	EXPOSING
106.995085	16.408	40.783	98.03125	EXPOSING
107.500350	16.408	40.789	98.34375	EXPOSING
107.995091	16.407	40.795	98.8046875	EXPOSING
108.510700	16.407	40.802	99.0078125	EXPOSING
108.995070	16.407	40.806	99.3671875	EXPOSING
109.500318	16.407	40.807	99.703125	EXPOSING
109.995118	16.407	40.812	99.9765625	EXPOSING
110.495643	16.408	40.822	100.2734375	EXPOSING
110.995125	16.407	40.832	100.7890625	EXPOSING
111.500278	16.408	40.840	101.046875	EXPOSING
111.995094	16.407	40.845	101.3125	EXPOSING
112.500273	16.407	40.854	101.6796875	EXPOSING
112.995108	16.408	40.855	102.1484375	EXPOSING
113.497540	16.408	40.863	102.3671875	EXPOSING
113.995317	16.407	40.869	102.6796875	EXPOSING
114.497637	16.407	40.874	102.9921875	EXPOSING
114.995113	16.407	40.877	103.1015625	EXPOSING
115.506934	16.407	40.888	103.3828125	EXPOSING
115.995087	16.408	40.896	103.7734375	EXPOSING
116.497937	16.407	40.906	104.0234375	EXPOSING
116.995166	16.408	40.904	104.3046875	EXPOSING
117.500303	16.407	40.912	104.6796875	EXPOSING
117.995083	16.407	40.915	104.9375	EXPOSING
118.499445	16.406	40.921	105.28125	EXPOSING
118.995072	16.407	40.925	105.5625	EXPOSING
119.495250	16.408	40.928	105.859375	EXPOSING
119.995120	16.408	40.937	106.1875	EXPOSING
120.995128	0.071	0.005	105.7734375	WAIT
121.497209	0.002	0.000	96.7578125	WAIT
121.995119	0.002	0.000	93.1640625	WAIT
122.500306	0.001	0.000	90.5	WAIT
122.995174	0.001	0.000	88.0625	WAIT
123.500335	0.001	0.000	85.984375	WAIT
123.995130	0.001	0.000	84.34375	WAIT
124.496488	0.001	0.000	82.8515625	WAIT
124.995132	0.001	0.000	81.40625	WAIT
125.499430	0.000	0.000	80.0703125	WAIT
125.995109	0.000	0.000	78.7734375	WAIT
126.500625	0.001	0.000	77.7890625	WAIT
126.995080	0.001	0.000	76.5703125	WAIT
127.500326	0.001	0.000	75.6015625	WAIT
127.995092	0.001	0.000	74.6328125	WAIT
128.500115	0.000	0.000	73.6796875	WAIT
128.995105	0.001	0.000	72.71875	WAIT
129.500340	0.001	0.000	71.9140625	WAIT
129.995126	0.000	0.000	71.0625	WAIT
130.500279	0.001	0.000	70.3984375	WAIT
130.995133	0.001	0.000	69.65625	WAIT
131.507720	0.001	0.000	68.96875	WAIT
131.995131	0.001	0.000	68.234375	WAIT
132.500278	0.000	0.000	67.5703125	WAIT
132.995108	0.001	0.000	66.90625	WAIT
133.496951	0.001	0.000	66.34375	WAIT
133.995081	0.001	0.000	65.5625	WAIT
134.498357	0.001	0.000	65.21875	WAIT
134.995111	0.000	0.000	64.5078125	WAIT
135.500305	0.000	0.000	64.015625	WAIT
135.995116	0.000	0.000	63.4296875	WAIT
136.500343	0.004	0.000	62.9375	WAIT
136.995106	0.001	0.000	62.46875	WAIT
137.497086	0.001	0.000	61.9921875	WAIT
137.995115	0.000	0.000	61.4140625	WAIT
138.669698	0.001	0.000	61.046875	WAIT
138.994902	0.000	0.000	60.390625	WAIT
139.499064	0.000	0.000	60.1640625	WAIT
139.995163	0.000	0.000	59.7109375	WAIT
140.500288	0.000	0.000	59.3125	WAIT
140.995125	0.000	0.000	58.859375	WAIT
141.498455	0.000	0.000	58.546875	WAIT
141.995059	0.001	0.000	58.09375	WAIT
142.500300	0.000	0.000	57.8359375	WAIT
142.995083	0.001	0.000	57.3984375	WAIT
143.498016	0.001	0.000	57.1875	WAIT
143.995095	0.000	0.000	56.6875	WAIT
144.500292	0.001	0.000	56.5234375	WAIT
144.995127	0.001	0.000	56.1796875	WAIT
145.500261	0.001	0.000	55.953125	WAIT
145.995119	0.000	0.000	55.4765625	WAIT
146.495643	0.000	0.000	55.1484375	WAIT
146.995059	0.001	0.000	54.8125	WAIT
147.500384	0.000	0.000	54.515625	WAIT
147.995073	0.001	0.000	54.1171875	WAIT
148.499427	0.000	0.000	53.90625	WAIT
148.995089	0.001	0.000	53.5703125	WAIT
149.500332	0.001	0.000	53.203125	WAIT
149.995102	0.000	0.000	53.0625	WAIT
150.498183	0.000	0.000	52.75	WAIT
150.995222	0.000	0.000	52.3984375	WAIT
151.500345	0.001	0.000	52.171875	WAIT
151.995164	0.001	0.000	51.875	WAIT
152.500329	0.000	0.000	51.625	WAIT
152.995093	0.001	0.000	51.2890625	WAIT
153.499448	0.000	0.000	51.0625	WAIT
153.995069	0.000	0.000	50.8671875	WAIT
154.500316	0.001	0.000	50.6953125	WAIT
154.995156	0.001	0.000	50.4296875	WAIT
155.500914	0.001	0.000	50.078125	WAIT
155.995094	0.001	0.000	49.9375	WAIT
156.500269	0.000	0.000	49.65625	WAIT
156.995098	0.000	0.000	49.4609375	WAIT
157.496348	0.001	0.000	49.265625	WAIT
157.995108	0.000	0.000	49.0234375	WAIT
158.500247	0.001	0.000	48.8828125	WAIT
158.995093	0.001	0.000	48.7421875	WAIT
159.500299	0.001	0.000	48.4921875	WAIT
159.995093	0.001	0.000	48.1796875	WAIT
160.497465	0.000	0.000	48.109375	WAIT
160.995170	0.001	0.000	47.8046875	WAIT
161.500328	0.000	0.000	47.609375	WAIT
161.995120	0.001	0.000	47.3515625	WAIT
162.499124	0.001	0.000	47.2109375	WAIT
162.995064	0.001	0.000	46.9453125	WAIT
163.500319	0.000	0.000	46.75	WAIT
163.995090	0.000	0.000	46.7109375	WAIT
164.499282	0.001	0.000	46.4453125	WAIT
164.995087	0.001	0.000	46.25	WAIT
165.500277	0.001	0.000	46.1640625	WAIT
165.995123	0.001	0.000	46.078125	WAIT
166.500267	0.001	0.000	45.96875	WAIT
166.995192	0.001	0.000	45.6875	WAIT
167.496111	0.001	0.000	45.4921875	WAIT
167.995378	0.001	0.000	45.3203125	WAIT
168.498652	0.001	0.000	45.2265625	WAIT
168.995095	0.001	0.000	45.0	WAIT
169.499733	0.000	0.000	44.9609375	WAIT
169.995091	0.001	0.000	44.8359375	WAIT
170.500288	0.000	0.000	44.640625	WAIT
170.995126	0.001	0.000	44.359375	WAIT
171.500454	0.001	0.000	44.3828125	WAIT
171.995117	0.001	0.000	44.1640625	WAIT
172.497676	0.000	0.000	44.1171875	WAIT
172.995102	0.001	0.000	43.8984375	WAIT
173.500300	0.000	0.000	43.7734375	WAIT
173.995120	0.001	0.000	43.6171875	WAIT
174.495997	0.000	0.000	43.5078125	WAIT
174.995111	0.001	0.000	43.421875	WAIT
175.500337	0.001	0.000	43.296875	WAIT
175.995183	0.001	0.000	43.140625	WAIT
176.499426	0.000	0.000	43.03125	WAIT
176.995029	0.000	0.000	42.890625	WAIT
177.500269	0.001	0.000	42.78125	WAIT
177.995095	0.001	0.000	42.625	WAIT
178.498471	0.001	0.000	42.5546875	WAIT
178.995080	0.001	0.000	42.4453125	WAIT
179.500310	0.001	0.000	42.25	WAIT
179.995097	0.001	0.000	42.1875	WAIT
180.495461	0.001	0.000	42.078125	WAIT
180.995068	0.001	0.000	41.9921875	WAIT
181.500341	0.001	0.000	41.8984375	WAIT
181.995139	0.001	0.000	41.8125	WAIT
182.501050	0.000	0.000	41.6015625	WAIT
182.995095	0.000	0.000	41.53125	WAIT
183.496159	0.001	0.000	41.578125	WAIT
183.995086	0.001	0.000	41.4609375	WAIT
184.505371	0.001	0.000	41.25	WAIT
184.995055	0.001	0.000	41.1953125	WAIT
185.500268	0.000	0.000	41.1171875	WAIT
185.995055	0.001	0.000	40.9609375	WAIT
186.500300	0.001	0.000	40.8359375	WAIT
186.995110	0.001	0.000	40.7109375	WAIT
187.499405	0.001	0.000	40.734375	WAIT
187.995093	0.001	0.000	40.546875	WAIT
188.500335	0.001	0.000	40.4453125	WAIT
188.995100	0.001	0.000	40.4296875	WAIT
189.496507	0.000	0.000	40.4140625	WAIT
189.995062	0.001	0.000	40.1796875	WAIT
190.500293	0.001	0.000	40.1796875	WAIT
190.995166	0.001	0.000	40.2109375	WAIT
191.495252	0.000	0.000	40.140625	WAIT
191.995058	0.000	0.000	39.8046875	WAIT
192.500248	0.001	0.000	39.890625	WAIT
192.995125	0.001	0.000	39.75	WAIT
193.506498	0.001	0.000	39.6953125	WAIT
193.995103	0.001	0.000	39.5546875	WAIT
194.498975	0.001	0.000	39.65625	WAIT
194.995096	0.001	0.000	39.40625	WAIT
195.500323	0.001	0.000	39.265625	WAIT
195.995121	0.001	0.000	39.2109375	WAIT
196.496454	0.001	0.000	39.1953125	WAIT
196.995070	0.001	0.000	39.0546875	WAIT
197.500257	0.001	0.000	39.140625	WAIT
197.995081	0.001	0.000	39.0703125	WAIT
198.497507	0.001	0.000	38.9609375	WAIT
198.995096	0.001	0.000	38.890625	WAIT
199.500303	0.001	0.000	38.765625	WAIT
199.995170	0.001	0.000	38.8203125	WAIT
200.501919	0.001	0.000	38.640625	WAIT
200.995083	0.001	0.000	38.5703125	WAIT
201.500299	0.001	0.000	38.5390625	WAIT
201.995162	0.001	0.000	38.5546875	WAIT
202.498126	0.001	0.000	38.390625	WAIT
202.995041	0.001	0.000	38.375	WAIT
203.500328	0.001	0.000	38.4296875	WAIT
203.994912	0.001	0.000	38.1953125	WAIT
204.495607	0.001	0.000	38.25	WAIT
204.995181	0.001	0.000	38.1953125	WAIT
205.500317	0.001	0.000	38.109375	WAIT
205.995148	0.001	0.000	38.1640625	WAIT
206.500314	0.000	0.000	37.96875	WAIT
206.995125	0.001	0.000	37.890625	WAIT
207.497755	0.001	0.000	37.9140625	WAIT
207.995073	0.001	0.000	37.765625	WAIT
208.500273	0.001	0.000	37.6953125	WAIT
208.995084	0.001	0.000	37.7109375	WAIT
209.498859	0.001	0.000	37.6640625	WAIT
209.995077	0.001	0.000	37.5859375	WAIT
210.500265	0.001	0.000	37.5859375	WAIT
210.995098	0.001	0.000	37.4609375	WAIT
211.504447	0.001	0.000	37.421875	WAIT
211.995078	0.001	0.000	37.53125	WAIT
212.500252	0.001	0.000	37.390625	WAIT
212.995100	0.001	0.000	37.28125	WAIT
213.498187	0.000	0.000	37.25	WAIT
213.995108	0.001	0.000	37.1953125	WAIT
214.499000	0.001	0.000	37.1953125	WAIT
214.995117	0.001	0.000	37.0859375	WAIT
215.496168	0.000	0.000	36.9609375	WAIT
215.995061	0.001	0.000	37.015625	WAIT
216.500259	0.001	0.000	36.890625	WAIT
216.995084	0.002	0.000	36.9765625	WAIT
217.500547	0.001	0.000	36.78125	WAIT
217.995080	0.001	0.000	36.890625	WAIT
218.500336	0.001	0.000	36.75	WAIT
218.995091	0.001	0.000	36.65625	WAIT
219.498756	0.001	0.000	36.65625	WAIT
219.995070	0.001	0.000	36.6171875	WAIT
220.498013	0.001	0.000	36.5	WAIT
220.995090	0.000	0.000	36.53125	WAIT
221.499772	0.001	0.000	36.4609375	WAIT
221.995100	0.001	0.000	36.40625	WAIT
222.498273	0.001	0.000	36.421875	WAIT
222.995191	0.001	0.000	36.3359375	WAIT
223.495898	0.001	0.000	36.296875	WAIT
223.995080	0.001	0.000	36.28125	WAIT
224.501868	0.001	0.000	36.15625	WAIT
224.995116	0.001	0.000	36.1171875	WAIT
225.496677	0.001	0.000	36.1171875	WAIT
225.995074	0.001	0.000	36.15625	WAIT
226.500292	0.001	0.000	36.0078125	WAIT
226.995127	0.001	0.000	36.0078125	WAIT
227.498900	0.001	0.000	36.046875	WAIT
227.995064	0.001	0.000	35.953125	WAIT
228.500289	0.001	0.000	35.796875	WAIT
228.995089	0.001	0.000	35.7734375	WAIT
229.498788	0.000	0.000	35.8671875	WAIT
229.995132	0.001	0.000	35.71875	WAIT
230.498258	0.000	0.000	35.703125	WAIT
230.995087	0.001	0.000	35.6640625	WAIT
231.498445	0.001	0.000	35.578125	WAIT
231.995056	0.001	0.000	35.6171875	WAIT
232.500315	0.001	0.000	35.5078125	WAIT
232.995091	0.001	0.000	35.6015625	WAIT
233.504862	0.001	0.000	35.4375	WAIT
233.995076	0.001	0.000	35.4921875	WAIT
234.498185	0.001	0.000	35.3984375	WAIT
234.995121	0.001	0.000	35.2734375	WAIT
235.500281	0.000	0.000	35.328125	WAIT
235.995074	0.001	0.000	35.359375	WAIT
236.500259	0.001	0.000	35.125	WAIT
236.995076	0.001	0.000	35.1640625	WAIT
237.496283	0.000	0.000	35.234375	WAIT
237.995164	0.001	0.000	35.125	WAIT
238.495662	0.001	0.000	35.0390625	WAIT
238.995114	0.001	0.000	35.0390625	WAIT
239.497933	0.001	0.000	35.0703125	WAIT
239.995063	0.001	0.000	35.0390625	WAIT
240.500272	0.001	0.000	34.859375	WAIT
240.995098	0.001	0.000	34.84375	WAIT
241.496145	0.001	0.000	34.8203125	WAIT
241.995160	0.001	0.000	34.71875	WAIT
242.500298	0.001	0.000	34.71875	WAIT
242.995134	0.001	0.000	34.8046875	WAIT
243.500301	0.001	0.000	34.625	WAIT
243.995156	0.001	0.000	34.703125	WAIT
244.498899	0.001	0.000	34.59375	WAIT
244.995106	0.001	0.000	34.5703125	WAIT
245.496810	0.001	0.000	34.5390625	WAIT
245.995201	0.001	0.000	34.5546875	WAIT
246.499869	0.001	0.000	34.3359375	WAIT
246.995082	0.001	0.000	34.4609375	WAIT
247.500275	0.002	0.000	34.4453125	WAIT
247.995104	0.001	0.000	34.3046875	WAIT
248.499117	0.000	0.000	34.28125	WAIT
248.995071	0.000	0.000	34.2265625	WAIT
249.500273	0.001	0.000	34.25	WAIT
249.995115	0.001	0.000	34.2265625	WAIT
250.496381	0.001	0.000	34.171875	WAIT
250.995136	0.001	0.000	34.0703125	WAIT
251.503293	0.001	0.000	33.9765625	WAIT
251.995111	0.000	0.000	34.03125	WAIT
252.496636	0.001	0.000	34.03125	WAIT
252.995117	0.001	0.000	33.9921875	WAIT
253.499271	0.001	0.000	33.921875	WAIT
253.995119	0.001	0.000	33.8828125	WAIT
254.495601	0.001	0.000	33.921875	WAIT
254.995052	0.001	0.000	33.9375	WAIT
255.495908	0.001	0.000	33.90625	WAIT
255.995106	0.001	0.000	33.8515625	WAIT
256.499380	0.001	0.000	33.6328125	WAIT
256.995109	0.001	0.000	33.546875	WAIT
257.500300	0.001	0.000	33.65625	WAIT
257.995106	0.001	0.000	33.7109375	WAIT
258.497259	0.001	0.000	33.6015625	WAIT
258.995112	0.001	0.000	33.5234375	WAIT
259.500364	0.001	0.000	33.546875	WAIT
259.995152	0.001	0.000	33.4375	WAIT
260.500293	0.001	0.000	33.4375	WAIT
260.995205	0.001	0.000	33.3984375	WAIT
261.498243	0.001	0.000	33.3984375	WAIT
261.995117	0.001	0.000	33.2890625	WAIT
262.497327	0.000	0.000	33.4375	WAIT
262.995080	0.000	0.000	33.3671875	WAIT
263.495198	0.001	0.000	33.234375	WAIT
263.995088	0.001	0.000	33.1328125	WAIT
264.500328	0.000	0.000	33.1875	WAIT
264.995097	0.000	0.000	33.203125	WAIT
265.496224	0.001	0.000	33.1171875	WAIT
265.995052	0.000	0.000	33.09375	WAIT
266.500303	0.000	0.000	33.0625	WAIT
266.995133	0.001	0.000	32.9453125	WAIT
267.500267	0.000	0.000	32.984375	WAIT
267.995087	0.001	0.000	33.0	WAIT
268.497388	0.001	0.000	33.0	WAIT
268.995161	0.001	0.000	32.8828125	WAIT
269.500318	0.000	0.000	32.7734375	WAIT
269.995238	0.001	0.000	32.828125	WAIT
270.500092	0.001	0.000	32.859375	WAIT
270.995076	0.001	0.000	32.734375	WAIT
271.500283	0.000	0.000	32.6640625	WAIT
271.995096	0.001	0.000	32.6640625	WAIT
272.650532	0.000	0.000	32.8046875	WAIT
272.994918	0.000	0.000	32.7734375	WAIT
273.496138	0.001	0.000	32.625	WAIT
273.995104	0.000	0.000	32.6796875	WAIT
274.500332	0.001	0.000	32.5703125	WAIT
274.995083	0.001	0.000	32.4453125	WAIT
275.495806	0.001	0.000	32.5859375	WAIT
275.995179	0.001	0.000	32.4609375	WAIT
276.495721	0.001	0.000	32.4296875	WAIT
276.995118	0.001	0.000	32.40625	WAIT
277.495065	0.001	0.000	32.40625	WAIT
277.995075	0.001	0.000	32.296875	WAIT
278.500291	0.001	0.000	32.3203125	WAIT
278.995092	0.001	0.000	32.296875	WAIT
279.496590	0.001	0.000	32.25	WAIT
279.995633	0.001	0.000	32.25	WAIT
280.500301	0.000	0.000	32.140625	WAIT
280.995123	0.001	0.000	32.15625	WAIT
281.500298	0.000	0.000	32.2265625	WAIT
281.995089	0.001	0.000	32.15625	WAIT
282.497684	0.000	0.000	32.0859375	WAIT
282.995098	0.000	0.000	32.1015625	WAIT
283.496471	0.001	0.000	32.0625	WAIT
283.995064	0.001	0.000	32.0078125	WAIT
284.500278	0.001	0.000	31.921875	WAIT
285.000189	0.001	0.000	31.9765625	WAIT
285.500319	0.001	0.000	31.828125	WAIT
285.995062	0.001	0.000	31.9921875	WAIT
286.501943	0.001	0.000	31.8515625	WAIT
286.995093	0.000	0.000	31.90625	WAIT
287.498421	0.000	0.000	31.8125	WAIT
287.995074	0.001	0.000	31.71875	WAIT
288.500261	0.001	0.000	31.71875	WAIT
288.995099	0.000	0.000	31.7734375	WAIT
289.500182	0.001	0.000	31.7578125	WAIT
289.995107	0.000	0.000	31.7421875	WAIT
290.500304	0.001	0.000	31.609375	WAIT
290.995128	0.001	0.000	31.578125	WAIT
291.495166	0.000	0.000	31.59375	WAIT
291.995103	0.000	0.000	31.609375	WAIT
292.495313	0.001	0.000	31.5234375	WAIT
292.995126	0.001	0.000	31.453125	WAIT
293.495273	0.001	0.000	31.453125	WAIT
293.995137	0.001	0.000	31.4140625	WAIT
294.495186	0.000	0.000	31.4140625	WAIT
294.995194	0.001	0.000	31.234375	WAIT
295.495137	0.000	0.000	31.34375	WAIT
295.995144	0.001	0.000	31.375	WAIT
296.495143	0.001	0.000	31.375	WAIT
296.995374	0.001	0.000	31.2890625	WAIT
297.495134	0.000	0.000	31.25	WAIT
297.995186	0.000	0.000	31.3046875	WAIT
298.495233	0.000	0.000	31.1640625	WAIT
298.995141	0.000	0.000	31.21875	WAIT
299.496312	0.000	0.000	31.1953125	WAIT
299.995138	0.001	0.000	31.0703125	WAIT
