#Resonance Frequency: 404000.000 kHz
#Set Current: 15.85 A
Time [s]	Current [A]	Voltage [V]	T0 [degC]	State
0.000036	0.001	0.000	25.625	BEFORE
0.502769	0.001	0.000	25.65625	BEFORE
0.999872	0.001	0.000	25.6953125	BEFORE
1.502250	0.001	0.000	25.765625	BEFORE
1.999897	0.001	0.000	25.6015625	BEFORE
2.502578	0.001	0.000	25.6953125	BEFORE
3.004947	0.001	0.000	25.6796875	BEFORE
3.507089	0.001	0.000	25.625	BEFORE
3.999792	0.001	0.000	25.625	BEFORE
4.500169	0.001	0.000	25.65625	BEFORE
5.000097	0.001	0.000	25.625	BEFORE
5.507273	0.001	0.000	25.5859375	BEFORE
5.999764	0.001	0.000	25.625	BEFORE
6.502953	0.001	0.000	25.6796875	BEFORE
6.999832	0.001	0.000	25.6015625	BEFORE
7.502060	0.001	0.000	25.640625	BEFORE
7.999839	0.001	0.000	25.5859375	BEFORE
8.500444	0.001	0.000	25.4765625	BEFORE
8.999928	0.001	0.000	25.5703125	BEFORE
9.500289	0.001	0.000	25.5859375	BEFORE
9.999942	0.000	0.000	25.5078125	BEFORE
10.504753	0.001	0.000	25.4765625	BEFORE
10.999900	0.001	0.000	25.53125	BEFORE
11.505290	0.001	0.000	25.5703125	BEFORE
12.000017	0.001	0.000	25.6015625	BEFORE
12.526165	0.001	0.000	25.5078125	BEFORE
12.999806	0.001	0.000	25.4375	BEFORE
13.500226	0.001	0.000	25.4765625	BEFORE
13.999930	0.001	0.000	25.453125	BEFORE
14.500120	0.000	0.000	25.453125	BEFORE
15.000883	0.001	0.000	25.3984375	BEFORE
15.500112	0.000	0.000	25.4921875	BEFORE
15.999868	0.001	0.000	25.453125	BEFORE
16.500873	0.001	0.000	25.3984375	BEFORE
17.005002	0.001	0.000	25.4375	BEFORE
17.500038	0.000	0.000	25.421875	BEFORE
17.999764	0.000	0.000	25.296875	BEFORE
18.500315	0.001	0.000	25.453125	BEFORE
18.999879	0.000	0.000	25.4375	BEFORE
19.500084	0.000	0.000	25.296875	BEFORE
20.000019	0.001	0.000	25.2734375	BEFORE
20.500314	0.001	0.000	25.296875	BEFORE
20.999954	0.000	0.000	25.3671875	BEFORE
21.501860	0.001	0.000	25.3125	BEFORE
21.999980	0.000	0.000	25.1796875	BEFORE
22.505186	0.001	0.000	25.328125	BEFORE
22.999863	0.000	0.000	25.21875	BEFORE
23.502072	0.000	0.000	25.296875	BEFORE
23.999981	0.000	0.000	25.21875	BEFORE
24.500058	0.001	0.000	25.2421875	BEFORE
24.999779	0.001	0.000	25.203125	BEFORE
25.501307	0.001	0.000	25.2734375	BEFORE
26.000470	0.001	0.000	25.203125	BEFORE
26.501598	0.001	0.000	25.1484375	BEFORE
26.999758	0.001	0.000	25.21875	BEFORE
27.505125	0.001	0.000	25.1640625	BEFORE
27.999821	0.001	0.000	25.203125	BEFORE
28.500972	0.001	0.000	25.1640625	BEFORE
28.999808	0.000	0.000	25.0703125	BEFORE
29.500077	0.001	0.000	25.2421875	BEFORE
29.999810	0.001	0.000	25.1640625	BEFORE
30.500926	0.000	0.000	25.2578125	BEFORE
30.999775	0.000	0.000	25.015625	BEFORE
31.503422	0.001	0.000	25.1640625	BEFORE
31.999837	0.001	0.000	25.09375	BEFORE
32.503152	0.001	0.000	25.09375	BEFORE
32.999893	0.001	0.000	25.0390625	BEFORE
33.500206	0.001	0.000	25.09375	BEFORE
33.999946	0.000	0.000	25.125	BEFORE
34.504467	0.000	0.000	25.0546875	BEFORE
35.004974	0.001	0.000	25.0546875	BEFORE
35.501413	0.001	0.000	25.015625	BEFORE
35.999940	0.001	0.000	25.0703125	BEFORE
36.500229	0.000	0.000	24.984375	BEFORE
36.999986	0.000	0.000	24.984375	BEFORE
37.500019	0.000	0.000	25.0	BEFORE
37.999763	0.001	0.000	25.015625	BEFORE
38.500062	0.001	0.000	24.9609375	BEFORE
38.999796	0.001	0.000	25.0	BEFORE
39.501688	0.001	0.000	24.9296875	BEFORE
40.004948	0.001	0.000	24.9140625	BEFORE
40.500221	0.001	0.000	24.984375	BEFORE
40.999771	0.001	0.000	24.9140625	BEFORE
41.504221	0.001	0.000	24.890625	BEFORE
41.999826	0.001	0.000	24.8203125	BEFORE
42.500187	0.001	0.000	24.9140625	BEFORE
42.999956	0.001	0.000	24.984375	BEFORE
43.505131	0.001	0.000	24.9609375	BEFORE
43.999821	0.000	0.000	24.9609375	BEFORE
44.502176	0.000	0.000	24.8359375	BEFORE
44.999866	0.000	0.000	24.8203125	BEFORE
45.501531	0.000	0.000	24.9296875	BEFORE
45.999820	0.001	0.000	24.890625	BEFORE
46.499990	0.001	0.000	24.8515625	BEFORE
46.999869	0.001	0.000	24.8359375	BEFORE
47.500037	0.001	0.000	24.890625	BEFORE
47.999830	0.001	0.000	24.8515625	BEFORE
48.504933	0.001	0.000	24.9140625	BEFORE
48.999775	0.001	0.000	24.7265625	BEFORE
49.502627	0.001	0.000	24.8515625	BEFORE
49.999848	0.001	0.000	24.671875	BEFORE
50.502966	0.001	0.000	24.796875	BEFORE
50.999963	0.001	0.000	24.796875	BEFORE
51.500534	0.000	0.000	24.765625	BEFORE
51.999913	0.001	0.000	24.7265625	BEFORE
52.500027	0.001	0.000	24.6875	BEFORE
53.005088	0.000	0.000	24.6875	BEFORE
53.510425	0.001	0.000	24.6015625	BEFORE
53.999779	0.001	0.000	24.7265625	BEFORE
54.501673	0.001	0.000	24.7109375	BEFORE
54.999959	0.001	0.000	24.671875	BEFORE
55.504632	0.000	0.000	24.671875	BEFORE
55.999843	0.001	0.000	24.671875	BEFORE
56.501878	0.001	0.000	24.7421875	BEFORE
56.999801	0.001	0.000	24.65625	BEFORE
57.507352	0.001	0.000	24.671875	BEFORE
57.999876	0.001	0.000	24.5234375	BEFORE
58.502949	0.001	0.000	24.6875	BEFORE
58.999816	0.000	0.000	24.46875	BEFORE
59.504549	0.001	0.000	24.6171875	BEFORE
59.999884	0.000	0.000	24.5078125	BEFORE
61.000053	15.837	32.436	24.6015625	EXPOSING
61.500176	15.837	32.532	28.65625	EXPOSING
61.999893	15.838	32.593	32.2109375	EXPOSING
62.500267	15.838	32.647	33.9375	EXPOSING
62.999858	15.839	32.692	36.2578125	EXPOSING
63.500030	15.839	32.728	37.359375	EXPOSING
64.004986	15.839	32.753	39.2109375	EXPOSING
64.500130	15.839	32.784	40.0	EXPOSING
64.999871	15.839	32.795	41.171875	EXPOSING
65.500093	15.838	32.811	41.953125	EXPOSING
65.999860	15.839	32.827	42.875	EXPOSING
66.532228	15.838	32.857	43.53125	EXPOSING
67.004909	15.839	32.869	44.5234375	EXPOSING
67.500303	15.839	32.889	44.8203125	EXPOSING
67.999901	15.839	32.906	45.703125	EXPOSING
68.500437	15.839	32.923	46.1328125	EXPOSING
68.999785	15.840	32.940	46.8359375	EXPOSING
69.502906	15.839	32.955	47.1328125	EXPOSING
69.999870	15.840	32.966	47.8046875	EXPOSING
70.500048	15.839	32.980	48.2265625	EXPOSING
70.999830	15.838	32.994	48.7734375	EXPOSING
71.501502	15.839	33.005	49.0546875	EXPOSING
71.999883	15.838	33.018	49.515625	EXPOSING
72.501666	15.839	33.031	49.5703125	EXPOSING
72.999813	15.838	33.043	49.953125	EXPOSING
73.525589	15.839	33.053	50.21875	EXPOSING
73.999876	15.838	33.064	50.609375	EXPOSING
74.514845	15.839	33.075	50.75	EXPOSING
74.999912	15.839	33.088	51.1328125	EXPOSING
75.513491	15.839	33.098	51.4140625	EXPOSING
75.999873	15.839	33.112	51.875	EXPOSING
76.501438	15.839	33.122	51.9609375	EXPOSING
77.001396	15.839	33.132	52.2890625	EXPOSING
77.500075	15.839	33.137	52.5546875	EXPOSING
77.999843	15.838	33.145	52.8359375	EXPOSING
78.500116	15.839	33.158	53.1171875	EXPOSING
78.999826	15.837	33.170	53.5859375	EXPOSING
79.505217	15.839	33.182	53.6953125	EXPOSING
80.000000	15.838	33.189	54.0078125	EXPOSING
80.500009	15.839	33.195	54.3046875	EXPOSING
80.999810	15.839	33.206	54.5703125	EXPOSING
81.500066	15.839	33.216	54.8359375	EXPOSING
82.005101	15.839	33.224	54.9921875	EXPOSING
82.500058	15.838	33.227	55.40625	EXPOSING
83.005160	15.839	33.235	55.8125	EXPOSING
83.505101	15.839	33.242	56.0390625	EXPOSING
83.999981	15.838	33.246	56.3671875	EXPOSING
84.499903	15.839	33.253	56.8046875	EXPOSING
85.005574	15.838	33.260	57.0546875	EXPOSING
85.505073	15.839	33.268	57.3125	EXPOSING
85.999953	15.839	33.276	57.734375	EXPOSING
86.499991	15.839	33.284	58.078125	EXPOSING
87.006719	15.839	33.287	58.4453125	EXPOSING
87.512788	15.839	33.294	58.796875	EXPOSING
87.999953	15.838	33.301	59.140625	EXPOSING
88.500065	15.837	33.307	59.4375	EXPOSING
89.000810	15.838	33.314	59.78125	EXPOSING
89.518650	15.840	33.314	60.21875	EXPOSING
89.999941	15.839	33.321	60.4921875	EXPOSING
90.500006	15.839	33.327	60.96875	EXPOSING
91.001804	15.839	33.338	61.296875	EXPOSING
91.504305	15.839	33.344	61.515625	EXPOSING
91.999944	15.839	33.340	62.0078125	EXPOSING
92.500042	15.839	33.359	62.25	EXPOSING
93.007278	15.839	33.361	62.71875	EXPOSING
93.505041	15.840	33.362	63.046875	EXPOSING
93.999948	15.839	33.368	63.546875	EXPOSING
94.499987	15.839	33.371	63.8515625	EXPOSING
95.003458	15.838	33.381	64.1484375	EXPOSING
95.505029	15.838	33.383	64.6171875	EXPOSING
95.999942	15.838	33.389	64.90625	EXPOSING
96.500009	15.839	33.392	65.171875	EXPOSING
97.002634	15.840	33.395	65.5625	EXPOSING
97.502384	15.838	33.402	65.90625	EXPOSING
97.999971	15.839	33.403	66.203125	EXPOSING
98.500051	15.839	33.408	66.5	EXPOSING
99.003932	15.838	33.411	66.90625	EXPOSING
99.511899	15.839	33.418	67.359375	EXPOSING
99.999942	15.839	33.417	67.6484375	EXPOSING
100.500015	15.839	33.422	67.9375	EXPOSING
101.006723	15.839	33.425	68.3046875	EXPOSING
101.501050	15.838	33.428	68.625	EXPOSING
102.002712	15.839	33.432	69.1796875	EXPOSING
102.507945	15.839	33.434	69.28125	EXPOSING
102.999802	15.839	33.440	69.671875	EXPOSING
103.500016	15.839	33.440	70.0390625	EXPOSING
104.005109	15.838	33.443	70.328125	EXPOSING
104.500001	15.839	33.449	70.6015625	EXPOSING
105.005191	15.839	33.453	70.9921875	EXPOSING
105.505113	15.839	33.457	71.28125	EXPOSING
105.999964	15.839	33.463	71.7109375	EXPOSING
106.500029	15.838	33.467	71.9140625	EXPOSING
107.001553	15.839	33.474	72.2421875	EXPOSING
107.505085	15.840	33.478	72.65625	EXPOSING
107.999951	15.839	33.484	72.9765625	EXPOSING
108.499983	15.839	33.485	73.28125	EXPOSING
109.003427	15.839	33.485	73.4375	EXPOSING
109.505653	15.839	33.490	73.8515625	EXPOSING
109.999918	15.840	33.493	74.140625	EXPOSING
110.499992	15.839	33.495	74.375	EXPOSING
111.004057	15.838	33.498	74.6484375	EXPOSING
111.505090	15.839	33.501	74.9921875	EXPOSING
111.999970	15.839	33.502	75.09375	EXPOSING
112.500035	15.839	33.506	75.46875	EXPOSING
113.003062	15.839	33.507	75.7421875	EXPOSING
113.501590	15.839	33.510	75.9765625	EXPOSING
113.999961	15.839	33.514	76.265625	EXPOSING
114.499990	15.838	33.516	76.515625	EXPOSING
115.005119	15.838	33.522	76.7421875	EXPOSING
115.504629	15.838	33.523	76.9609375	EXPOSING
115.999952	15.839	33.528	77.125	EXPOSING
116.499996	15.839	33.530	77.4453125	EXPOSING
117.005247	15.839	33.532	77.71875	EXPOSING
117.500006	15.839	33.535	77.9609375	EXPOSING
117.999972	15.839	33.537	78.078125	EXPOSING
118.525117	15.839	33.539	78.265625	EXPOSING
119.003714	15.838	33.542	78.6640625	EXPOSING
119.502494	15.838	33.545	78.7578125	EXPOSING
119.999863	15.839	33.546	79.0234375	EXPOSING
120.503470	15.839	33.551	79.25	EXPOSING
120.999828	15.839	33.553	79.5	EXPOSING
121.499998	15.839	33.557	79.703125	EXPOSING
121.999851	15.839	33.558	79.875	EXPOSING
122.500188	15.838	33.559	80.0078125	EXPOSING
122.999823	15.838	33.561	80.375	EXPOSING
123.504140	15.839	33.564	80.5	EXPOSING
124.000158	15.838	33.565	80.71875	EXPOSING
124.505394	15.839	33.566	80.8984375	EXPOSING
124.999766	15.839	33.565	81.203125	EXPOSING
125.500323	15.839	33.567	81.2734375	EXPOSING
125.999879	15.839	33.569	81.5390625	EXPOSING
126.500400	15.838	33.574	81.6953125	EXPOSING
126.999812	15.839	33.578	82.0	EXPOSING
127.502275	15.839	33.580	82.125	EXPOSING
127.999972	15.839	33.582	82.296875	EXPOSING
128.504408	15.839	33.584	82.4765625	EXPOSING
128.999866	15.839	33.585	82.75	EXPOSING
129.505308	15.839	33.589	82.796875	EXPOSING
129.999761	15.840	33.591	83.0546875	EXPOSING
130.501070	15.838	33.596	83.234375	EXPOSING
130.999810	15.839	33.599	83.46875	EXPOSING
131.500787	15.839	33.601	83.5859375	EXPOSING
131.999954	15.839	33.603	83.7890625	EXPOSING
132.501520	15.839	33.602	83.9609375	EXPOSING
132.999970	15.839	33.604	84.125	EXPOSING
133.501004	15.838	33.605	84.2578125	EXPOSING
133.999952	15.839	33.610	84.4296875	EXPOSING
134.503490	15.839	33.611	84.6171875	EXPOSING
134.999893	15.840	33.607	84.8125	EXPOSING
135.500384	15.839	33.609	84.9453125	EXPOSING
135.999820	15.840	33.612	85.3359375	EXPOSING
136.504652	15.839	33.613	85.3671875	EXPOSING
136.999930	15.839	33.614	85.5859375	EXPOSING
137.503818	15.839	33.615	85.6171875	EXPOSING
138.000044	15.838	33.619	85.953125	EXPOSING
138.500018	15.838	33.621	86.0390625	EXPOSING
139.000049	15.839	33.622	86.203125	EXPOSING
139.500018	15.839	33.624	86.390625	EXPOSING
140.002921	15.839	33.623	86.625	EXPOSING
140.500322	15.839	33.626	86.7421875	EXPOSING
140.999961	15.839	33.627	86.859375	EXPOSING
141.500086	15.838	33.631	86.875	EXPOSING
141.999832	15.839	33.632	87.28125	EXPOSING
142.507617	15.839	33.635	87.296875	EXPOSING
142.999882	15.839	33.637	87.4609375	EXPOSING
143.500720	15.838	33.642	87.6796875	EXPOSING
143.999841	15.838	33.646	87.8984375	EXPOSING
144.505351	15.838	33.648	87.9765625	EXPOSING
144.999799	15.839	33.645	88.015625	EXPOSING
145.501493	15.839	33.646	88.1796875	EXPOSING
145.999864	15.839	33.650	88.4609375	EXPOSING
146.500471	15.839	33.651	88.4453125	EXPOSING
147.000017	15.840	33.654	88.8125	EXPOSING
147.502670	15.839	33.655	88.8984375	EXPOSING
147.999933	15.839	33.655	89.0	EXPOSING
148.501277	15.839	33.654	89.3203125	EXPOSING
148.999948	15.839	33.658	89.484375	EXPOSING
149.503659	15.839	33.661	89.6171875	EXPOSING
149.999876	15.839	33.662	89.6640625	EXPOSING
150.499985	15.839	33.664	89.8984375	EXPOSING
151.000331	15.839	33.665	90.1015625	EXPOSING
151.499975	15.839	33.667	90.1640625	EXPOSING
151.999879	15.839	33.671	90.3515625	EXPOSING
152.499990	15.839	33.671	90.484375	EXPOSING
152.999873	15.839	33.673	90.6171875	EXPOSING
153.499992	15.839	33.676	90.8671875	EXPOSING
153.999986	15.839	33.677	90.8671875	EXPOSING
154.502732	15.839	33.675	91.0625	EXPOSING
154.999827	15.839	33.675	91.296875	EXPOSING
155.500351	15.839	33.678	91.4453125	EXPOSING
155.999911	15.839	33.678	91.6328125	EXPOSING
156.500133	15.840	33.679	91.96875	EXPOSING
156.999823	15.839	33.681	92.25	EXPOSING
157.500047	15.839	33.682	92.328125	EXPOSING
157.999897	15.839	33.684	92.59375	EXPOSING
158.502659	15.839	33.684	92.7109375	EXPOSING
158.999851	15.838	33.683	92.796875	EXPOSING
159.500444	15.839	33.685	92.8984375	EXPOSING
159.999916	15.839	33.687	93.109375	EXPOSING
161.000090	0.053	0.005	92.9140625	WAIT
161.505169	0.002	0.000	88.328125	WAIT
161.999819	0.001	0.000	86.0390625	WAIT
162.499996	0.001	0.000	84.8671875	WAIT
163.007947	0.001	0.000	83.234375	WAIT
163.503038	0.001	0.000	82.6328125	WAIT
164.000023	0.001	0.000	81.25	WAIT
164.500693	0.001	0.000	80.4140625	WAIT
164.999970	0.001	0.000	79.34375	WAIT
165.501075	0.000	0.000	78.7578125	WAIT
165.999835	0.001	0.000	77.515625	WAIT
166.505003	0.001	0.000	77.046875	WAIT
166.999889	0.001	0.000	75.9921875	WAIT
167.504242	0.001	0.000	75.296875	WAIT
168.004951	0.001	0.000	74.3046875	WAIT
168.503260	0.001	0.000	73.6796875	WAIT
168.999920	0.001	0.000	72.90625	WAIT
169.500375	0.000	0.000	72.453125	WAIT
169.999865	0.001	0.000	71.640625	WAIT
170.505522	0.001	0.000	71.375	WAIT
170.999772	0.001	0.000	70.3984375	WAIT
171.500233	0.001	0.000	70.0703125	WAIT
171.999918	0.001	0.000	69.328125	WAIT
172.500030	0.001	0.000	68.890625	WAIT
172.999850	0.000	0.000	68.28125	WAIT
173.500001	0.001	0.000	67.859375	WAIT
174.004948	0.001	0.000	67.171875	WAIT
174.500058	0.001	0.000	66.921875	WAIT
174.999892	0.000	0.000	66.21875	WAIT
175.500014	0.000	0.000	65.84375	WAIT
175.999827	0.001	0.000	65.2734375	WAIT
176.500157	0.001	0.000	64.890625	WAIT
176.999985	0.001	0.000	64.546875	WAIT
177.501008	0.001	0.000	64.0625	WAIT
178.004033	0.001	0.000	63.6328125	WAIT
178.504870	0.001	0.000	63.109375	WAIT
178.999840	0.001	0.000	62.71875	WAIT
179.505043	0.000	0.000	62.5390625	WAIT
179.999878	0.000	0.000	61.96875	WAIT
180.500323	0.001	0.000	61.7109375	WAIT
180.999817	0.000	0.000	61.2265625	WAIT
181.500178	0.000	0.000	61.03125	WAIT
181.999793	0.000	0.000	60.6328125	WAIT
182.500216	0.001	0.000	60.2734375	WAIT
182.999857	0.000	0.000	59.890625	WAIT
183.500334	0.000	0.000	59.5703125	WAIT
183.999854	0.001	0.000	59.453125	WAIT
184.501682	0.001	0.000	59.0859375	WAIT
185.002773	0.001	0.000	58.703125	WAIT
185.505213	0.001	0.000	58.4296875	WAIT
185.999758	0.001	0.000	57.9921875	WAIT
186.500445	0.000	0.000	57.8828125	WAIT
186.999821	0.001	0.000	57.4140625	WAIT
187.499999	0.001	0.000	57.2578125	WAIT
187.999766	0.001	0.000	56.984375	WAIT
188.504910	0.001	0.000	56.9140625	WAIT
188.999861	0.001	0.000	56.578125	WAIT
189.502177	0.001	0.000	56.28125	WAIT
189.999809	0.001	0.000	55.9140625	WAIT
190.500028	0.001	0.000	55.7265625	WAIT
190.999871	0.001	0.000	55.5703125	WAIT
191.502318	0.000	0.000	55.25	WAIT
191.999805	0.001	0.000	54.921875	WAIT
192.500178	0.000	0.000	54.796875	WAIT
192.999779	0.001	0.000	54.46875	WAIT
193.499982	0.001	0.000	54.34375	WAIT
194.000422	0.000	0.000	54.1171875	WAIT
194.502150	0.001	0.000	53.9765625	WAIT
194.999801	0.001	0.000	53.7109375	WAIT
195.500009	0.001	0.000	53.5546875	WAIT
195.999812	0.000	0.000	53.328125	WAIT
196.500716	0.001	0.000	53.2421875	WAIT
196.999861	0.000	0.000	52.90625	WAIT
197.500309	0.001	0.000	52.796875	WAIT
198.002540	0.001	0.000	52.5390625	WAIT
198.500207	0.001	0.000	52.5234375	WAIT
198.999819	0.001	0.000	52.1328125	WAIT
199.501433	0.001	0.000	52.078125	WAIT
199.999886	0.000	0.000	51.90625	WAIT
200.501008	0.001	0.000	51.6796875	WAIT
200.999825	0.001	0.000	51.453125	WAIT
201.526228	0.001	0.000	51.34375	WAIT
201.999844	0.000	0.000	51.1875	WAIT
202.500102	0.001	0.000	51.1171875	WAIT
202.999831	0.001	0.000	50.8515625	WAIT
203.503053	0.001	0.000	50.6953125	WAIT
203.999833	0.001	0.000	50.640625	WAIT
204.504274	0.001	0.000	50.359375	WAIT
204.999782	0.001	0.000	50.1640625	WAIT
205.504509	0.000	0.000	50.1640625	WAIT
205.999829	0.001	0.000	49.953125	WAIT
206.500019	0.001	0.000	49.8359375	WAIT
206.999868	0.001	0.000	49.6875	WAIT
207.501796	0.001	0.000	49.515625	WAIT
207.999809	0.001	0.000	49.375	WAIT
208.499996	0.001	0.000	49.203125	WAIT
208.999887	0.001	0.000	49.0390625	WAIT
209.501914	0.001	0.000	49.0234375	WAIT
209.999794	0.001	0.000	48.84375	WAIT
210.500802	0.001	0.000	48.7578125	WAIT
210.999787	0.001	0.000	48.671875	WAIT
211.501653	0.001	0.000	48.4921875	WAIT
211.999917	0.001	0.000	48.390625	WAIT
212.500189	0.001	0.000	48.140625	WAIT
212.999907	0.000	0.000	47.984375	WAIT
213.500012	0.001	0.000	48.0	WAIT
213.999807	0.001	0.000	47.6875	WAIT
214.504539	0.001	0.000	47.7734375	WAIT
214.999830	0.001	0.000	47.59375	WAIT
215.500174	0.001	0.000	47.5390625	WAIT
216.000081	0.001	0.000	47.3515625	WAIT
216.501055	0.001	0.000	47.328125	WAIT
216.999802	0.001	0.000	47.03125	WAIT
217.501001	0.001	0.000	47.03125	WAIT
217.999804	0.001	0.000	46.9453125	WAIT
218.500837	0.001	0.000	46.78125	WAIT
218.999872	0.001	0.000	46.65625	WAIT
219.500265	0.001	0.000	46.640625	WAIT
219.999871	0.001	0.000	46.4296875	WAIT
220.500037	0.000	0.000	46.4453125	WAIT
220.999815	0.001	0.000	46.3046875	WAIT
221.505485	0.001	0.000	46.109375	WAIT
221.999816	0.000	0.000	46.09375	WAIT
222.500765	0.001	0.000	46.0234375	WAIT
222.999802	0.000	0.000	45.9375	WAIT
223.499995	0.001	0.000	45.8125	WAIT
223.999993	0.001	0.000	45.6015625	WAIT
224.505197	0.001	0.000	45.6328125	WAIT
224.999919	0.001	0.000	45.546875	WAIT
225.500118	0.001	0.000	45.3515625	WAIT
225.999865	0.001	0.000	45.28125	WAIT
226.500031	0.001	0.000	45.2109375	WAIT
227.000020	0.001	0.000	45.0546875	WAIT
227.501226	0.001	0.000	45.0546875	WAIT
228.000018	0.001	0.000	44.9609375	WAIT
228.500023	0.001	0.000	44.8203125	WAIT
228.999819	0.000	0.000	44.7890625	WAIT
229.502590	0.001	0.000	44.59375	WAIT
230.005066	0.000	0.000	44.59375	WAIT
230.500323	0.001	0.000	44.5	WAIT
230.999879	0.000	0.000	44.4296875	WAIT
231.500032	0.001	0.000	44.2890625	WAIT
231.999818	0.001	0.000	44.203125	WAIT
232.500055	0.000	0.000	44.1328125	WAIT
232.999810	0.001	0.000	44.078125	WAIT
233.516027	0.001	0.000	43.9375	WAIT
233.999856	0.001	0.000	44.0078125	WAIT
234.505147	0.001	0.000	43.828125	WAIT
234.999829	0.000	0.000	43.7421875	WAIT
235.502144	0.001	0.000	43.7421875	WAIT
235.999973	0.000	0.000	43.6015625	WAIT
236.500008	0.001	0.000	43.671875	WAIT
236.999870	0.001	0.000	43.265625	WAIT
237.500201	0.001	0.000	43.4375	WAIT
237.999752	0.001	0.000	43.3515625	WAIT
238.504964	0.001	0.000	43.28125	WAIT
238.999879	0.001	0.000	43.125	WAIT
239.499996	0.001	0.000	43.1015625	WAIT
239.999824	0.000	0.000	42.9609375	WAIT
240.503804	0.001	0.000	42.890625	WAIT
241.000039	0.001	0.000	42.8359375	WAIT
241.503572	0.001	0.000	42.765625	WAIT
242.000013	0.001	0.000	42.6953125	WAIT
242.500045	0.001	0.000	42.6796875	WAIT
242.999928	0.000	0.000	42.515625	WAIT
243.500039	0.001	0.000	42.515625	WAIT
243.999975	0.001	0.000	42.4140625	WAIT
244.505110	0.001	0.000	42.375	WAIT
244.999970	0.001	0.000	42.3203125	WAIT
245.502553	0.001	0.000	42.1484375	WAIT
246.000147	0.000	0.000	42.046875	WAIT
246.504137	0.001	0.000	42.078125	WAIT
246.999970	0.001	0.000	41.9921875	WAIT
247.503599	0.001	0.000	41.8984375	WAIT
247.999973	0.000	0.000	41.8671875	WAIT
248.500165	0.000	0.000	41.8125	WAIT
248.999809	0.001	0.000	41.6875	WAIT
249.499993	0.001	0.000	41.671875	WAIT
249.999951	0.001	0.000	41.6328125	WAIT
250.500154	0.001	0.000	41.578125	WAIT
250.999918	0.001	0.000	41.515625	WAIT
251.504658	0.000	0.000	41.3671875	WAIT
251.999841	0.000	0.000	41.390625	WAIT
252.500355	0.001	0.000	41.2109375	WAIT
252.999921	0.001	0.000	41.2109375	WAIT
253.500030	0.001	0.000	41.265625	WAIT
253.999980	0.001	0.000	41.0	WAIT
254.500545	0.001	0.000	41.0625	WAIT
255.004975	0.000	0.000	40.9453125	WAIT
255.500133	0.000	0.000	40.9296875	WAIT
255.999991	0.001	0.000	40.8359375	WAIT
256.499987	0.001	0.000	40.796875	WAIT
257.000133	0.001	0.000	40.5859375	WAIT
257.503432	0.001	0.000	40.65625	WAIT
257.999799	0.001	0.000	40.53125	WAIT
258.503144	0.000	0.000	40.625	WAIT
258.999940	0.000	0.000	40.53125	WAIT
259.504780	0.001	0.000	40.4453125	WAIT
259.999828	0.001	0.000	40.3359375	WAIT
260.502589	0.001	0.000	40.25	WAIT
260.999816	0.001	0.000	40.25	WAIT
261.499982	0.001	0.000	40.25	WAIT
261.999834	0.001	0.000	40.109375	WAIT
262.499989	0.001	0.000	40.03125	WAIT
262.999888	0.001	0.000	40.0546875	WAIT
263.500021	0.001	0.000	40.015625	WAIT
263.999993	0.001	0.000	39.9453125	WAIT
264.499982	0.001	0.000	39.9765625	WAIT
264.999805	0.000	0.000	39.8203125	WAIT
265.500124	0.001	0.000	39.8359375	WAIT
265.999886	0.001	0.000	39.7109375	WAIT
266.503803	0.001	0.000	39.625	WAIT
266.999805	0.001	0.000	39.5	WAIT
267.500166	0.001	0.000	39.5546875	WAIT
267.999896	0.000	0.000	39.515625	WAIT
268.503144	0.001	0.000	39.484375	WAIT
268.999991	0.001	0.000	39.375	WAIT
269.500788	0.000	0.000	39.390625	WAIT
269.999838	0.001	0.000	39.2890625	WAIT
270.504093	0.001	0.000	39.3046875	WAIT
270.999838	0.000	0.000	39.125	WAIT
271.499998	0.001	0.000	39.125	WAIT
272.000068	0.000	0.000	38.984375	WAIT
272.502145	0.000	0.000	39.015625	WAIT
272.999799	0.000	0.000	39.0	WAIT
273.500000	0.001	0.000	38.8359375	WAIT
273.999795	0.000	0.000	38.890625	WAIT
274.502319	0.000	0.000	38.8046875	WAIT
274.999863	0.000	0.000	38.8359375	WAIT
275.504602	0.001	0.000	38.8046875	WAIT
275.999801	0.001	0.000	38.734375	WAIT
276.500470	0.001	0.000	38.6796875	WAIT
276.999821	0.000	0.000	38.625	WAIT
277.503997	0.000	0.000	38.609375	WAIT
277.999807	0.000	0.000	38.4453125	WAIT
278.523396	0.001	0.000	38.390625	WAIT
278.999818	0.001	0.000	38.390625	WAIT
279.500759	0.001	0.000	38.3359375	WAIT
279.999819	0.001	0.000	38.3203125	WAIT
280.500418	0.001	0.000	38.1796875	WAIT
280.999818	0.000	0.000	38.1796875	WAIT
281.500003	0.000	0.000	38.1953125	WAIT
281.999791	0.000	0.000	38.140625	WAIT
282.505342	0.001	0.000	38.0859375	WAIT
282.999969	0.001	0.000	37.9296875	WAIT
283.500107	0.001	0.000	38.0	WAIT
283.999821	0.000	0.000	37.9296875	WAIT
284.500368	0.001	0.000	37.8359375	WAIT
284.999835	0.001	0.000	37.8359375	WAIT
285.500021	0.000	0.000	37.8359375	WAIT
286.000041	0.001	0.000	37.78125	WAIT
286.500015	0.001	0.000	37.7109375	WAIT
286.999921	0.001	0.000	37.53125	WAIT
287.500165	0.001	0.000	37.5703125	WAIT
287.999815	0.001	0.000	37.640625	WAIT
288.503592	0.000	0.000	37.5	WAIT
288.999890	0.000	0.000	37.4609375	WAIT
289.505171	0.000	0.000	37.4609375	WAIT
289.999915	0.001	0.000	37.25	WAIT
290.499897	0.000	0.000	37.4765625	WAIT
290.999794	0.001	0.000	37.2265625	WAIT
291.500039	0.001	0.000	37.265625	WAIT
291.999829	0.001	0.000	37.140625	WAIT
292.499997	0.001	0.000	37.25	WAIT
292.999854	0.001	0.000	37.171875	WAIT
293.502597	0.000	0.000	37.0546875	WAIT
293.999890	0.001	0.000	37.0	WAIT
294.500062	0.001	0.000	37.0546875	WAIT
294.999902	0.001	0.000	37.0	WAIT
295.500017	0.001	0.000	36.8515625	WAIT
295.999834	0.001	0.000	36.90625	WAIT
296.504847	0.000	0.000	36.8671875	WAIT
296.999764	0.001	0.000	36.765625	WAIT
297.501179	0.000	0.000	36.75	WAIT
297.999820	0.000	0.000	36.640625	WAIT
298.503368	0.000	0.000	36.7109375	WAIT
298.999965	0.000	0.000	36.65625	WAIT
299.503026	0.001	0.000	36.5625	WAIT
299.999820	0.001	0.000	36.6015625	WAIT
300.519910	0.001	0.000	36.5	WAIT
300.999827	0.001	0.000	36.4453125	WAIT
301.500001	0.001	0.000	36.4453125	WAIT
301.999858	0.000	0.000	36.390625	WAIT
302.500155	0.001	0.000	36.3359375	WAIT
302.999935	0.001	0.000	36.2578125	WAIT
303.500185	0.001	0.000	36.3125	WAIT
303.999843	0.000	0.000	36.2109375	WAIT
304.501058	0.001	0.000	36.2265625	WAIT
304.999816	0.001	0.000	36.15625	WAIT
305.502102	0.000	0.000	36.1015625	WAIT
305.999863	0.001	0.000	36.0078125	WAIT
306.500028	0.000	0.000	36.1171875	WAIT
306.999872	0.001	0.000	35.828125	WAIT
307.500464	0.001	0.000	36.0078125	WAIT
307.999968	0.001	0.000	35.8828125	WAIT
308.500408	0.000	0.000	35.921875	WAIT
308.999954	0.001	0.000	35.6875	WAIT
309.501473	0.000	0.000	35.9375	WAIT
309.999873	0.001	0.000	35.703125	WAIT
310.500361	0.001	0.000	35.71875	WAIT
311.000180	0.001	0.000	35.546875	WAIT
311.502429	0.001	0.000	35.65625	WAIT
311.999849	0.001	0.000	35.546875	WAIT
312.504395	0.001	0.000	35.4921875	WAIT
312.999822	0.001	0.000	35.46875	WAIT
313.502513	0.001	0.000	35.4140625	WAIT
313.999821	0.001	0.000	35.3984375	WAIT
314.501034	0.001	0.000	35.5078125	WAIT
315.002878	0.001	0.000	35.359375	WAIT
315.500742	0.001	0.000	35.2578125	WAIT
315.999803	0.000	0.000	35.1484375	WAIT
316.501510	0.001	0.000	35.2734375	WAIT
317.500165	0.001	0.000	35.21875	WAIT
317.999810	0.001	0.000	35.109375	WAIT
318.500358	0.001	0.000	35.125	WAIT
318.999889	0.001	0.000	34.984375	WAIT
319.500021	0.001	0.000	35.1484375	WAIT
320.000568	0.001	0.000	35.0703125	WAIT
320.513937	0.001	0.000	34.875	WAIT
320.999821	0.001	0.000	34.9296875	WAIT
321.500183	0.001	0.000	34.875	WAIT
322.004742	0.000	0.000	34.859375	WAIT
322.500252	0.001	0.000	34.734375	WAIT
322.999873	0.001	0.000	34.8203125	WAIT
323.503464	0.001	0.000	34.8203125	WAIT
323.999892	0.001	0.000	34.6640625	WAIT
324.500040	0.001	0.000	34.734375	WAIT
324.999849	0.001	0.000	34.5546875	WAIT
325.499982	0.000	0.000	34.6484375	WAIT
325.999915	0.001	0.000	34.609375	WAIT
326.500041	0.001	0.000	34.6640625	WAIT
326.999896	0.001	0.000	34.59375	WAIT
327.500003	0.001	0.000	34.484375	WAIT
328.002062	0.001	0.000	34.4140625	WAIT
328.500020	0.001	0.000	34.4609375	WAIT
328.999906	0.000	0.000	34.4296875	WAIT
329.505746	0.001	0.000	34.265625	WAIT
329.999854	0.001	0.000	34.25	WAIT
330.500052	0.001	0.000	34.265625	WAIT
330.999735	0.000	0.000	34.2265625	WAIT
331.503721	0.000	0.000	34.171875	WAIT
331.999972	0.000	0.000	34.25	WAIT
332.500015	0.000	0.000	34.140625	WAIT
332.999880	0.001	0.000	34.2109375	WAIT
333.500024	0.000	0.000	34.0859375	WAIT
333.999804	0.001	0.000	34.0859375	WAIT
334.501187	0.000	0.000	34.0859375	WAIT
334.999820	0.000	0.000	34.03125	WAIT
335.501322	0.000	0.000	33.9921875	WAIT
335.999848	0.000	0.000	34.03125	WAIT
336.524566	0.001	0.000	33.9375	WAIT
336.999904	0.001	0.000	33.828125	WAIT
337.500090	0.000	0.000	33.7109375	WAIT
337.999855	0.001	0.000	33.8203125	WAIT
338.499989	0.000	0.000	33.828125	WAIT
339.005165	0.001	0.000	33.7109375	WAIT
339.499972	0.001	0.000	33.7265625	WAIT
339.999792	0.000	0.000	33.78125	WAIT
