#Resonance Frequency: 160500.000 kHz
#Set Current: 24.21 A
Time [s]	Current [A]	Voltage [V]	T0 [degC]	State
0.000033	0.001	0.000	43.40625	BEFORE
0.500324	0.001	0.000	43.28125	BEFORE
1.002983	0.001	0.000	43.40625	BEFORE
1.500332	0.002	0.000	43.390625	BEFORE
2.005456	0.002	0.000	43.3203125	BEFORE
2.500361	0.002	0.000	43.2265625	BEFORE
3.005497	0.002	0.000	43.2265625	BEFORE
3.500356	0.002	0.000	43.2109375	BEFORE
4.002841	0.002	0.000	43.125	BEFORE
4.500339	0.002	0.000	43.1015625	BEFORE
5.005476	0.001	0.000	42.90625	BEFORE
5.500308	0.002	0.000	42.859375	BEFORE
6.000606	0.002	0.000	42.890625	BEFORE
6.500285	0.002	0.000	42.8046875	BEFORE
7.005452	0.001	0.000	42.8359375	BEFORE
7.500303	0.001	0.000	42.6953125	BEFORE
8.002117	0.001	0.000	42.625	BEFORE
8.500323	0.001	0.000	42.6796875	BEFORE
9.005408	0.002	0.000	42.5546875	BEFORE
9.500301	0.002	0.000	42.5	BEFORE
10.051045	0.002	0.000	42.4296875	BEFORE
10.500201	0.002	0.000	42.390625	BEFORE
11.008028	0.002	0.000	42.4296875	BEFORE
11.500446	0.002	0.000	42.4140625	BEFORE
12.003774	0.002	0.000	42.375	BEFORE
12.500336	0.002	0.000	42.3046875	BEFORE
13.001025	0.002	0.000	42.171875	BEFORE
13.500306	0.002	0.000	42.25	BEFORE
14.005547	0.002	0.000	42.171875	BEFORE
14.500290	0.001	0.000	42.1328125	BEFORE
15.004960	0.001	0.000	42.046875	BEFORE
15.500283	0.002	0.000	41.9375	BEFORE
16.005478	0.002	0.000	42.0625	BEFORE
16.500428	0.002	0.000	41.8671875	BEFORE
17.003374	0.002	0.000	41.9765625	BEFORE
17.500390	0.001	0.000	41.8671875	BEFORE
18.005480	0.002	0.000	41.7421875	BEFORE
18.500294	0.002	0.000	41.796875	BEFORE
19.001531	0.001	0.000	41.65625	BEFORE
19.500316	0.002	0.000	41.671875	BEFORE
20.005469	0.002	0.000	41.7109375	BEFORE
20.500287	0.002	0.000	41.546875	BEFORE
21.005383	0.002	0.000	41.546875	BEFORE
21.500300	0.001	0.000	41.515625	BEFORE
22.005491	0.002	0.000	41.515625	BEFORE
22.500304	0.002	0.000	41.3671875	BEFORE
23.004205	0.002	0.000	41.4453125	BEFORE
23.500488	0.001	0.000	41.3515625	BEFORE
24.005476	0.002	0.000	41.265625	BEFORE
24.500299	0.002	0.000	41.15625	BEFORE
25.005497	0.001	0.000	41.15625	BEFORE
25.500304	0.002	0.000	41.0625	BEFORE
26.001121	0.002	0.000	41.140625	BEFORE
26.500315	0.002	0.000	41.0859375	BEFORE
27.005118	0.002	0.000	40.9453125	BEFORE
27.500279	0.002	0.000	41.0	BEFORE
28.002243	0.002	0.000	40.984375	BEFORE
28.500301	0.001	0.000	40.78125	BEFORE
29.005549	0.001	0.000	40.890625	BEFORE
29.500298	0.002	0.000	40.78125	BEFORE
30.002537	0.002	0.000	40.796875	BEFORE
30.500304	0.002	0.000	40.6015625	BEFORE
31.005471	0.002	0.000	40.6953125	BEFORE
31.500316	0.002	0.000	40.5703125	BEFORE
32.005310	0.001	0.000	40.46875	BEFORE
32.500308	0.002	0.000	40.625	BEFORE
33.005468	0.001	0.000	40.5703125	BEFORE
33.500304	0.002	0.000	40.4765625	BEFORE
34.002557	0.002	0.000	40.390625	BEFORE
34.500299	0.001	0.000	40.265625	BEFORE
35.005432	0.001	0.000	40.265625	BEFORE
35.500341	0.002	0.000	40.265625	BEFORE
36.006101	0.001	0.000	40.265625	BEFORE
36.500355	0.002	0.000	40.265625	BEFORE
37.005438	0.001	0.000	40.2109375	BEFORE
37.500331	0.002	0.000	40.0859375	BEFORE
38.000849	0.002	0.000	40.0859375	BEFORE
38.500285	0.002	0.000	40.0859375	BEFORE
39.005442	0.002	0.000	39.9765625	BEFORE
39.500294	0.001	0.000	39.875	BEFORE
40.002354	0.002	0.000	39.890625	BEFORE
40.500304	0.002	0.000	39.875	BEFORE
41.005445	0.001	0.000	39.8359375	BEFORE
41.500351	0.001	0.000	39.8203125	BEFORE
42.005917	0.002	0.000	39.7109375	BEFORE
42.500357	0.002	0.000	39.6953125	BEFORE
43.004121	0.002	0.000	39.5546875	BEFORE
43.500304	0.002	0.000	39.6796875	BEFORE
44.005445	0.002	0.000	39.59375	BEFORE
44.500287	0.002	0.000	39.59375	BEFORE
45.003252	0.002	0.000	39.59375	BEFORE
45.500283	0.002	0.000	39.4453125	BEFORE
46.005517	0.001	0.000	39.359375	BEFORE
46.500362	0.001	0.000	39.40625	BEFORE
47.001129	0.001	0.000	39.3203125	BEFORE
47.500298	0.002	0.000	39.3046875	BEFORE
48.005564	0.001	0.000	39.359375	BEFORE
48.500360	0.002	0.000	39.15625	BEFORE
49.001270	0.002	0.000	39.140625	BEFORE
49.500387	0.002	0.000	39.15625	BEFORE
50.005446	0.002	0.000	39.125	BEFORE
50.500322	0.002	0.000	39.140625	BEFORE
51.005045	0.002	0.000	39.0546875	BEFORE
51.505498	0.001	0.000	39.015625	BEFORE
52.005421	0.001	0.000	38.9609375	BEFORE
52.500286	0.002	0.000	38.8515625	BEFORE
53.005460	0.002	0.000	38.8515625	BEFORE
53.500296	0.001	0.000	38.90625	BEFORE
54.003606	0.002	0.000	38.7890625	BEFORE
54.500304	0.001	0.000	38.8359375	BEFORE
55.005416	0.002	0.000	38.71875	BEFORE
55.500411	0.001	0.000	38.6640625	BEFORE
56.005477	0.002	0.000	38.6796875	BEFORE
56.500373	0.002	0.000	38.625	BEFORE
57.001317	0.002	0.000	38.5859375	BEFORE
57.500468	0.002	0.000	38.5546875	BEFORE
58.003029	0.002	0.000	38.5390625	BEFORE
58.500293	0.002	0.000	38.5234375	BEFORE
59.005423	0.001	0.000	38.5390625	BEFORE
59.500298	0.002	0.000	38.4140625	BEFORE
60.005955	0.002	0.000	38.4453125	BEFORE
61.005458	24.137	33.372	38.359375	EXPOSING
61.500317	24.138	33.512	41.3671875	EXPOSING
62.001404	24.140	33.607	43.4375	EXPOSING
62.500293	24.140	33.691	45.53125	EXPOSING
63.005509	24.140	33.739	47.71875	EXPOSING
63.500365	24.140	33.798	49.7421875	EXPOSING
64.001274	24.141	33.841	51.640625	EXPOSING
64.500357	24.140	33.871	53.5546875	EXPOSING
65.005445	24.140	33.904	55.4453125	EXPOSING
65.500354	24.140	33.938	57.3671875	EXPOSING
66.002181	24.141	33.948	59.015625	EXPOSING
66.500401	24.140	33.966	60.6015625	EXPOSING
67.000354	24.140	33.985	62.0234375	EXPOSING
67.500350	24.140	33.993	63.4296875	EXPOSING
68.006963	24.140	34.007	64.71875	EXPOSING
68.500309	24.140	34.025	66.015625	EXPOSING
69.003678	24.140	34.038	67.25	EXPOSING
69.500297	24.140	34.048	68.5078125	EXPOSING
70.005466	24.142	34.056	69.625	EXPOSING
71.000411	0.019	0.006	70.6015625	WAIT
71.500307	0.018	0.003	67.90625	WAIT
72.005445	0.018	0.002	66.7734375	WAIT
72.500420	0.018	0.002	65.671875	WAIT
73.005499	0.002	0.000	64.7421875	WAIT
73.500360	0.002	0.000	63.8046875	WAIT
74.004870	0.002	0.000	62.796875	WAIT
75.005485	24.139	33.609	61.9921875	EXPOSING
75.500314	24.139	33.719	64.1328125	EXPOSING
76.005459	24.141	33.798	65.7578125	EXPOSING
76.500278	24.140	33.835	67.53125	EXPOSING
77.002147	24.142	33.890	68.8515625	EXPOSING
77.500314	24.141	33.938	70.4296875	EXPOSING
78.005492	24.141	33.973	71.8359375	EXPOSING
78.500309	24.141	34.006	73.1484375	EXPOSING
79.044126	24.141	34.022	74.375	EXPOSING
79.500377	24.142	34.041	75.921875	EXPOSING
80.005058	24.142	34.058	76.90625	EXPOSING
80.500313	24.141	34.072	78.0546875	EXPOSING
81.005459	24.139	34.089	79.1640625	EXPOSING
81.500293	24.142	34.098	80.1953125	EXPOSING
82.000675	24.142	34.106	81.21875	EXPOSING
82.500297	24.141	34.114	82.28125	EXPOSING
83.004538	24.142	34.122	83.0546875	EXPOSING
83.500282	24.141	34.129	83.9609375	EXPOSING
84.005484	24.141	34.135	84.734375	EXPOSING
85.003505	0.019	0.006	85.3671875	WAIT
85.500369	0.019	0.004	81.75	WAIT
86.005459	0.018	0.003	80.2109375	WAIT
86.500362	0.017	0.002	78.7578125	WAIT
87.005415	0.003	0.000	77.4453125	WAIT
87.500351	0.003	0.000	76.2109375	WAIT
88.001433	0.002	0.000	75.09375	WAIT
89.002167	24.140	33.697	74.0	EXPOSING
89.500355	24.141	33.780	75.515625	EXPOSING
90.005453	24.141	33.865	76.8203125	EXPOSING
90.500310	24.142	33.939	78.3515625	EXPOSING
91.008578	24.141	33.991	79.703125	EXPOSING
91.500300	24.142	34.025	80.984375	EXPOSING
92.005477	24.142	34.046	82.1953125	EXPOSING
92.500299	24.142	34.086	83.4375	EXPOSING
93.005456	24.142	34.107	84.34375	EXPOSING
93.500319	24.141	34.117	85.4375	EXPOSING
94.003584	24.142	34.127	86.2578125	EXPOSING
94.500280	24.141	34.139	87.296875	EXPOSING
95.005435	24.142	34.147	88.0	EXPOSING
95.500344	24.142	34.154	89.0	EXPOSING
96.006484	24.143	34.165	89.5859375	EXPOSING
96.500374	24.142	34.171	90.4375	EXPOSING
97.005480	24.142	34.179	91.1328125	EXPOSING
97.500390	24.142	34.186	91.984375	EXPOSING
98.004959	24.141	34.195	92.53125	EXPOSING
99.005483	0.019	0.006	92.9765625	WAIT
99.500330	0.019	0.004	88.984375	WAIT
100.002384	0.018	0.003	87.296875	WAIT
100.500292	0.018	0.003	85.515625	WAIT
101.005469	0.010	0.001	84.2109375	WAIT
101.500295	0.002	0.000	82.7109375	WAIT
102.000443	0.003	0.000	81.5234375	WAIT
103.005482	24.140	33.738	80.2421875	EXPOSING
103.500299	24.140	33.847	81.609375	EXPOSING
104.004314	24.142	33.926	82.9140625	EXPOSING
104.500309	24.141	33.982	84.328125	EXPOSING
105.004484	24.142	34.019	85.65625	EXPOSING
105.500345	24.142	34.049	86.8125	EXPOSING
106.009957	24.141	34.084	88.015625	EXPOSING
106.500305	24.142	34.112	89.0625	EXPOSING
107.005461	24.142	34.134	89.8671875	EXPOSING
107.500341	24.142	34.155	90.8359375	EXPOSING
108.003871	24.142	34.166	91.7109375	EXPOSING
108.500283	24.142	34.185	92.6171875	EXPOSING
109.005469	24.142	34.196	93.3984375	EXPOSING
109.500414	24.142	34.217	94.09375	EXPOSING
110.001052	24.143	34.230	94.8671875	EXPOSING
110.500378	24.142	34.226	95.5390625	EXPOSING
111.005445	24.143	34.233	96.1484375	EXPOSING
111.500349	24.143	34.232	96.7890625	EXPOSING
112.004304	24.149	34.239	97.515625	EXPOSING
113.005510	0.019	0.007	97.8515625	WAIT
113.500345	0.018	0.004	93.7265625	WAIT
114.002591	0.017	0.003	91.6953125	WAIT
114.500270	0.018	0.002	89.953125	WAIT
115.005473	0.012	0.002	88.6640625	WAIT
115.500303	0.002	0.000	87.2265625	WAIT
116.000414	0.002	0.000	85.890625	WAIT
117.005561	24.145	33.798	84.8125	EXPOSING
117.500370	24.150	33.918	85.8046875	EXPOSING
118.006623	24.149	33.979	87.4296875	EXPOSING
118.500372	24.149	34.040	88.765625	EXPOSING
119.001129	24.150	34.094	89.96875	EXPOSING
119.500343	24.151	34.135	91.1640625	EXPOSING
120.005133	24.150	34.166	92.3125	EXPOSING
120.500285	24.151	34.188	93.375	EXPOSING
121.005492	24.150	34.208	94.359375	EXPOSING
121.500313	24.150	34.222	95.2890625	EXPOSING
122.001995	24.149	34.236	96.078125	EXPOSING
122.500292	24.150	34.251	96.890625	EXPOSING
123.005456	24.150	34.263	97.65625	EXPOSING
123.500295	24.150	34.275	98.4140625	EXPOSING
124.005164	24.151	34.279	99.0859375	EXPOSING
124.500715	24.150	34.285	99.796875	EXPOSING
125.005478	24.150	34.291	100.390625	EXPOSING
125.500373	24.150	34.300	101.0859375	EXPOSING
126.004902	24.149	34.314	101.625	EXPOSING
127.000742	0.020	0.007	102.28125	WAIT
127.500287	0.018	0.004	97.75	WAIT
128.005440	0.018	0.003	95.8515625	WAIT
128.500312	0.018	0.002	94.0546875	WAIT
129.003293	0.001	0.003	92.5625	WAIT
129.500310	0.002	0.000	91.234375	WAIT
130.005454	0.002	0.000	89.96875	WAIT
131.005527	24.148	33.865	88.5625	EXPOSING
131.500348	24.149	33.986	90.1328125	EXPOSING
132.004337	24.151	34.051	91.5625	EXPOSING
132.500407	24.149	34.108	93.1484375	EXPOSING
133.003875	24.151	34.140	94.4765625	EXPOSING
133.500332	24.151	34.197	95.5859375	EXPOSING
134.005460	24.152	34.227	96.7421875	EXPOSING
134.500598	24.150	34.250	97.8984375	EXPOSING
135.005496	24.150	34.263	98.7890625	EXPOSING
135.500288	24.150	34.268	99.6796875	EXPOSING
136.005465	24.151	34.289	100.4609375	EXPOSING
136.500318	24.151	34.294	101.34375	EXPOSING
137.000346	24.152	34.312	102.1328125	EXPOSING
137.500287	24.151	34.319	102.875	EXPOSING
138.005483	24.152	34.327	103.5859375	EXPOSING
138.500332	24.153	34.337	104.1171875	EXPOSING
139.020335	24.152	34.340	104.7890625	EXPOSING
139.500236	24.152	34.345	105.484375	EXPOSING
140.004237	24.152	34.353	106.0390625	EXPOSING
141.005507	0.019	0.006	106.34375	WAIT
141.500284	0.019	0.004	101.5234375	WAIT
142.001400	0.018	0.003	99.6015625	WAIT
142.500315	0.018	0.003	97.703125	WAIT
143.005450	0.002	0.003	96.1640625	WAIT
143.500294	0.002	0.000	94.5234375	WAIT
144.000731	0.002	0.000	93.2578125	WAIT
145.005531	24.150	33.904	91.9140625	EXPOSING
145.500333	24.150	33.990	93.4765625	EXPOSING
146.002266	24.151	34.070	95.0078125	EXPOSING
146.500288	24.151	34.129	96.6796875	EXPOSING
147.005484	24.152	34.175	97.7890625	EXPOSING
147.500296	24.152	34.210	99.1015625	EXPOSING
148.002195	24.153	34.237	100.15625	EXPOSING
148.500290	24.153	34.263	101.28125	EXPOSING
149.004917	24.152	34.284	102.1484375	EXPOSING
149.500325	24.151	34.302	103.21875	EXPOSING
150.001033	24.151	34.329	103.890625	EXPOSING
150.500292	24.151	34.333	104.7890625	EXPOSING
151.005416	24.151	34.344	105.5	EXPOSING
151.500382	24.152	34.350	106.359375	EXPOSING
152.000401	24.150	34.351	106.890625	EXPOSING
152.500275	24.151	34.362	107.8359375	EXPOSING
153.005431	24.151	34.370	108.34375	EXPOSING
153.500275	24.152	34.372	109.0390625	EXPOSING
154.002257	24.150	34.377	109.59375	EXPOSING
155.005484	0.019	0.008	109.7734375	WAIT
155.500329	0.018	0.004	104.7734375	WAIT
156.012481	0.018	0.003	102.7578125	WAIT
156.500353	0.018	0.003	100.8203125	WAIT
157.000654	0.000	0.000	99.21875	WAIT
157.500316	0.002	0.000	97.703125	WAIT
158.005505	0.002	0.000	96.234375	WAIT
159.001122	24.146	33.864	94.984375	EXPOSING
159.500304	24.149	34.018	96.25	EXPOSING
160.005448	24.149	34.084	97.96875	EXPOSING
160.500310	24.149	34.148	99.4140625	EXPOSING
161.005435	24.149	34.197	100.8203125	EXPOSING
161.500314	24.150	34.223	101.96875	EXPOSING
162.000978	24.151	34.259	103.15625	EXPOSING
162.500329	24.150	34.287	104.2734375	EXPOSING
163.005511	24.149	34.309	105.25	EXPOSING
163.500312	24.149	34.328	106.1875	EXPOSING
164.005439	24.151	34.346	107.0078125	EXPOSING
164.500377	24.150	34.355	107.9296875	EXPOSING
165.002080	24.150	34.362	108.5859375	EXPOSING
165.500314	24.151	34.377	109.484375	EXPOSING
166.005505	24.151	34.383	110.1171875	EXPOSING
166.500286	24.151	34.392	110.8984375	EXPOSING
167.001696	24.150	34.398	111.4375	EXPOSING
167.500277	24.151	34.400	112.1796875	EXPOSING
168.005453	24.152	34.410	112.6171875	EXPOSING
169.004364	0.019	0.006	113.0625	WAIT
169.500280	0.019	0.004	107.7890625	WAIT
170.005476	0.017	0.003	105.7578125	WAIT
170.501006	0.018	0.003	103.7578125	WAIT
171.004634	0.008	0.000	102.1328125	WAIT
171.500364	0.003	0.000	100.421875	WAIT
172.003540	0.002	0.000	99.0703125	WAIT
173.005458	24.148	33.942	97.765625	EXPOSING
173.500293	24.150	34.052	99.3984375	EXPOSING
174.005468	24.149	34.134	101.0	EXPOSING
174.500325	24.150	34.174	102.53125	EXPOSING
175.001350	24.150	34.235	103.7265625	EXPOSING
175.500307	24.150	34.252	105.0703125	EXPOSING
176.005463	24.150	34.288	106.1875	EXPOSING
176.500343	24.151	34.315	107.4296875	EXPOSING
177.005435	24.151	34.320	108.3046875	EXPOSING
177.500389	24.151	34.349	109.2734375	EXPOSING
178.005574	24.152	34.364	110.0234375	EXPOSING
178.500308	24.150	34.359	110.8671875	EXPOSING
179.000459	24.150	34.370	111.7734375	EXPOSING
179.500279	24.152	34.379	112.4609375	EXPOSING
180.005530	24.151	34.391	113.171875	EXPOSING
180.500291	24.151	34.405	113.8046875	EXPOSING
181.002074	24.151	34.409	114.375	EXPOSING
181.500287	24.150	34.406	115.0078125	EXPOSING
182.005489	24.151	34.399	115.546875	EXPOSING
183.002094	0.019	0.007	115.75	WAIT
183.500309	0.019	0.004	110.1953125	WAIT
184.005464	0.018	0.003	107.984375	WAIT
184.500392	0.018	0.003	105.96875	WAIT
185.005456	0.001	0.000	104.3515625	WAIT
185.500345	0.003	0.000	102.7109375	WAIT
186.001727	0.003	0.000	101.34375	WAIT
187.000571	24.146	33.950	99.9140625	EXPOSING
187.500333	24.150	34.039	101.703125	EXPOSING
188.005392	24.148	34.114	103.4140625	EXPOSING
188.500288	24.150	34.175	105.0234375	EXPOSING
189.006229	24.149	34.220	106.34375	EXPOSING
189.500325	24.149	34.261	107.625	EXPOSING
190.001984	24.149	34.292	108.6796875	EXPOSING
190.500324	24.150	34.317	109.7890625	EXPOSING
191.005457	24.149	34.336	110.8203125	EXPOSING
191.500391	24.148	34.356	111.828125	EXPOSING
192.005517	24.149	34.359	112.5859375	EXPOSING
192.500282	24.150	34.363	113.484375	EXPOSING
193.001067	24.149	34.369	114.1484375	EXPOSING
193.500287	24.149	34.385	114.890625	EXPOSING
194.005540	24.151	34.401	115.546875	EXPOSING
194.500311	24.151	34.405	116.234375	EXPOSING
195.004010	24.149	34.402	116.9453125	EXPOSING
195.500293	24.151	34.414	117.5234375	EXPOSING
196.005479	24.152	34.415	118.078125	EXPOSING
197.001282	0.019	0.007	118.25	WAIT
197.500296	0.018	0.004	112.3671875	WAIT
198.005518	0.017	0.003	110.1953125	WAIT
198.500391	0.017	0.003	108.2109375	WAIT
199.001689	0.000	0.002	106.53125	WAIT
199.500370	0.002	0.000	104.84375	WAIT
200.005492	0.002	0.000	103.4296875	WAIT
201.002057	24.149	33.969	102.0390625	EXPOSING
201.500122	24.149	34.052	104.53125	EXPOSING
202.005038	24.150	34.132	105.4140625	EXPOSING
202.500395	24.150	34.167	107.0390625	EXPOSING
203.003711	24.151	34.227	108.4765625	EXPOSING
203.500348	24.151	34.243	109.7734375	EXPOSING
204.003275	24.151	34.283	110.9453125	EXPOSING
204.500332	24.150	34.324	112.0234375	EXPOSING
205.005491	24.150	34.332	112.875	EXPOSING
205.500327	24.151	34.361	113.921875	EXPOSING
206.005491	24.151	34.371	114.8203125	EXPOSING
206.500317	24.151	34.381	115.6796875	EXPOSING
207.005487	24.151	34.390	116.40625	EXPOSING
207.504640	24.152	34.408	117.1875	EXPOSING
208.005486	24.151	34.411	117.9296875	EXPOSING
208.500296	24.151	34.410	118.6015625	EXPOSING
209.005590	24.152	34.417	119.3203125	EXPOSING
209.500330	24.151	34.424	119.8125	EXPOSING
210.002174	24.151	34.430	120.375	EXPOSING
211.005502	0.019	0.006	120.75	WAIT
211.500405	0.018	0.004	114.71875	WAIT
212.002674	0.018	0.003	112.3984375	WAIT
212.500287	0.017	0.002	110.265625	WAIT
213.005435	0.000	0.002	108.6171875	WAIT
213.500330	0.003	0.000	106.8359375	WAIT
214.003149	0.002	0.000	105.53125	WAIT
215.005497	24.147	33.941	103.9921875	EXPOSING
215.500302	24.148	34.063	105.8125	EXPOSING
216.003128	24.148	34.135	107.4921875	EXPOSING
216.500282	24.149	34.195	109.3046875	EXPOSING
217.005408	24.149	34.248	110.5859375	EXPOSING
217.500350	24.149	34.276	111.9765625	EXPOSING
218.001979	24.150	34.320	113.109375	EXPOSING
218.500331	24.151	34.339	114.2265625	EXPOSING
219.004544	24.150	34.365	115.2578125	EXPOSING
219.500299	24.150	34.367	116.203125	EXPOSING
220.005454	24.151	34.375	117.0859375	EXPOSING
220.500381	24.151	34.395	118.0234375	EXPOSING
221.004540	24.150	34.404	118.703125	EXPOSING
221.500290	24.150	34.411	119.453125	EXPOSING
222.005438	24.151	34.419	120.2109375	EXPOSING
222.500409	24.150	34.420	120.796875	EXPOSING
223.002939	24.149	34.415	121.453125	EXPOSING
223.500361	24.150	34.424	122.015625	EXPOSING
224.004262	24.150	34.426	122.671875	EXPOSING
225.003180	0.019	0.007	122.8203125	WAIT
225.500275	0.018	0.004	116.140625	WAIT
226.005465	0.018	0.003	114.078125	WAIT
226.500308	0.017	0.003	111.9921875	WAIT
227.005030	0.001	0.000	110.265625	WAIT
227.500289	0.002	0.000	108.4765625	WAIT
228.005471	0.002	0.000	107.0234375	WAIT
229.000701	24.146	33.947	105.6640625	EXPOSING
229.500407	24.146	34.054	107.8671875	EXPOSING
230.005428	24.147	34.125	109.6640625	EXPOSING
230.500365	24.147	34.197	111.3359375	EXPOSING
231.002294	24.149	34.240	112.671875	EXPOSING
231.500293	24.148	34.271	113.96875	EXPOSING
232.005492	24.149	34.307	115.2265625	EXPOSING
232.500311	24.148	34.325	116.2890625	EXPOSING
233.001520	24.148	34.340	117.265625	EXPOSING
233.500311	24.149	34.358	118.3828125	EXPOSING
234.005482	24.149	34.376	119.1875	EXPOSING
234.500321	24.149	34.401	120.0234375	EXPOSING
235.004297	24.148	34.405	120.828125	EXPOSING
235.500369	24.147	34.419	121.6171875	EXPOSING
236.005449	24.149	34.416	122.3359375	EXPOSING
236.500383	24.147	34.435	122.9140625	EXPOSING
237.005468	24.149	34.461	123.6171875	EXPOSING
237.500333	24.149	34.453	124.2421875	EXPOSING
238.005600	24.148	34.454	124.78125	EXPOSING
239.005478	0.019	0.008	125.3125	WAIT
239.500329	0.018	0.005	118.78125	WAIT
240.003836	0.018	0.003	116.3125	WAIT
240.500284	0.018	0.003	114.0625	WAIT
241.005500	0.009	0.002	112.28125	WAIT
241.500321	0.002	0.000	110.6015625	WAIT
242.002047	0.003	0.000	109.0234375	WAIT
243.005539	24.147	33.995	107.5703125	EXPOSING
243.500332	24.149	34.074	109.4296875	EXPOSING
244.002969	24.150	34.165	111.3515625	EXPOSING
244.500396	24.150	34.207	113.2109375	EXPOSING
245.003208	24.150	34.265	114.5859375	EXPOSING
245.500331	24.151	34.290	115.953125	EXPOSING
246.003627	24.150	34.333	117.0859375	EXPOSING
246.500276	24.151	34.352	118.328125	EXPOSING
247.005460	24.151	34.383	119.375	EXPOSING
247.500310	24.151	34.390	120.40625	EXPOSING
248.000775	24.151	34.408	121.265625	EXPOSING
248.500292	24.150	34.407	122.1875	EXPOSING
249.005421	24.151	34.423	122.9453125	EXPOSING
249.500325	24.151	34.440	123.7265625	EXPOSING
250.005442	24.151	34.450	124.4296875	EXPOSING
250.500358	24.151	34.454	125.1640625	EXPOSING
251.004344	24.150	34.461	125.84375	EXPOSING
251.500296	24.150	34.470	126.546875	EXPOSING
252.003101	24.151	34.473	126.9921875	EXPOSING
253.005500	0.019	0.006	127.515625	WAIT
253.500305	0.018	0.004	120.296875	WAIT
254.001302	0.018	0.003	117.75	WAIT
254.500276	0.018	0.003	115.4453125	WAIT
255.005454	0.007	0.003	113.7578125	WAIT
255.500271	0.002	0.000	111.90625	WAIT
256.000701	0.002	0.000	110.4140625	WAIT
257.005504	24.150	34.008	108.9765625	EXPOSING
257.500335	24.150	34.113	111.09375	EXPOSING
258.005489	24.152	34.183	113.0234375	EXPOSING
258.500333	24.152	34.228	114.84375	EXPOSING
259.005515	24.152	34.277	116.2890625	EXPOSING
259.500313	24.153	34.309	117.71875	EXPOSING
260.005451	24.152	34.347	119.171875	EXPOSING
260.500289	24.153	34.375	120.2421875	EXPOSING
261.006152	24.152	34.398	121.3828125	EXPOSING
261.500261	24.153	34.408	122.2890625	EXPOSING
262.005483	24.153	34.424	123.34375	EXPOSING
262.500495	24.152	34.435	124.2265625	EXPOSING
263.001351	24.151	34.435	125.09375	EXPOSING
263.500346	24.152	34.443	125.8984375	EXPOSING
264.005440	24.152	34.448	126.6796875	EXPOSING
264.500374	24.153	34.451	127.40625	EXPOSING
265.000922	24.152	34.439	128.09375	EXPOSING
265.500282	24.150	34.458	128.7578125	EXPOSING
266.005498	24.151	34.466	129.40625	EXPOSING
267.179592	0.019	0.006	129.890625	WAIT
267.500107	0.018	0.004	120.953125	WAIT
268.002573	0.018	0.003	119.5703125	WAIT
268.500353	0.018	0.002	117.171875	WAIT
269.005465	0.008	0.000	115.328125	WAIT
269.500333	0.003	0.000	113.3671875	WAIT
270.005480	0.002	0.000	111.90625	WAIT
271.003012	24.148	33.995	110.4921875	EXPOSING
271.500370	24.151	34.075	112.5390625	EXPOSING
272.005417	24.152	34.160	114.546875	EXPOSING
272.500334	24.152	34.224	116.421875	EXPOSING
273.000890	24.153	34.271	117.859375	EXPOSING
273.500277	24.153	34.304	119.40625	EXPOSING
274.005458	24.152	34.335	120.7109375	EXPOSING
274.500306	24.152	34.357	122.015625	EXPOSING
275.003476	24.150	34.390	123.0546875	EXPOSING
275.500275	24.151	34.411	124.328125	EXPOSING
276.005410	24.153	34.417	125.1796875	EXPOSING
276.500361	24.151	34.439	126.015625	EXPOSING
277.005376	24.154	34.441	126.9765625	EXPOSING
277.500341	24.154	34.456	127.828125	EXPOSING
278.005419	24.153	34.441	128.6640625	EXPOSING
278.500373	24.153	34.445	129.4609375	EXPOSING
279.000392	24.152	34.462	130.1015625	EXPOSING
279.500272	24.151	34.472	130.953125	EXPOSING
280.005455	24.152	34.486	131.5234375	EXPOSING
281.005500	0.019	0.008	131.859375	WAIT
281.500315	0.018	0.005	123.59375	WAIT
282.002084	0.018	0.003	120.828125	WAIT
282.500699	0.018	0.003	118.4453125	WAIT
283.005426	0.001	0.003	116.390625	WAIT
283.500345	0.003	0.000	114.5859375	WAIT
284.005417	0.002	0.000	113.0625	WAIT
285.004224	24.149	34.021	111.6015625	EXPOSING
285.500376	24.150	34.124	114.1796875	EXPOSING
286.005468	24.153	34.204	116.1875	EXPOSING
286.500334	24.152	34.252	118.109375	EXPOSING
287.004684	24.154	34.303	119.7578125	EXPOSING
287.500276	24.152	34.333	121.46875	EXPOSING
288.005430	24.152	34.361	122.640625	EXPOSING
288.500328	24.153	34.390	123.921875	EXPOSING
289.010635	24.152	34.406	125.1328125	EXPOSING
289.500287	24.153	34.430	126.2109375	EXPOSING
290.005472	24.152	34.442	127.28125	EXPOSING
290.500294	24.153	34.452	128.390625	EXPOSING
291.018417	24.152	34.464	129.2734375	EXPOSING
291.500367	24.153	34.472	130.3515625	EXPOSING
292.005528	24.152	34.484	131.328125	EXPOSING
292.500340	24.152	34.488	132.546875	EXPOSING
293.000714	24.153	34.497	133.984375	EXPOSING
293.500289	24.153	34.503	135.28125	EXPOSING
294.005490	24.152	34.507	136.28125	EXPOSING
295.001109	0.020	0.007	136.796875	WAIT
295.500304	0.019	0.005	127.34375	WAIT
296.005456	0.018	0.004	123.984375	WAIT
296.500359	0.018	0.003	121.1328125	WAIT
297.005500	0.011	0.002	118.8984375	WAIT
297.500287	0.003	0.000	116.796875	WAIT
298.001423	0.002	0.000	115.1640625	WAIT
299.004336	24.149	34.020	113.4140625	EXPOSING
299.500325	24.150	34.131	117.171875	EXPOSING
300.002229	24.152	34.219	120.6484375	EXPOSING
300.500248	24.151	34.247	123.9453125	EXPOSING
301.005444	24.152	34.296	126.09375	EXPOSING
301.500333	24.153	34.339	128.140625	EXPOSING
302.000921	24.151	34.360	129.8203125	EXPOSING
302.500347	24.153	34.390	131.2109375	EXPOSING
303.005467	24.152	34.410	132.453125	EXPOSING
303.500349	24.153	34.429	133.4375	EXPOSING
304.005498	24.152	34.442	134.3515625	EXPOSING
304.500350	24.151	34.450	135.21875	EXPOSING
305.002536	24.151	34.464	135.8828125	EXPOSING
305.500331	24.152	34.474	136.65625	EXPOSING
306.005411	24.152	34.483	137.2421875	EXPOSING
306.500294	24.152	34.486	137.7578125	EXPOSING
307.005525	24.153	34.492	137.9140625	EXPOSING
307.500292	24.153	34.498	138.375	EXPOSING
308.003283	24.152	34.500	138.75	EXPOSING
309.005486	0.019	0.007	138.5625	WAIT
309.500327	0.019	0.005	129.0078125	WAIT
310.003109	0.018	0.004	125.84375	WAIT
310.500363	0.019	0.003	122.9140625	WAIT
311.005424	0.011	0.003	120.5234375	WAIT
311.500446	0.002	0.000	118.5625	WAIT
312.000899	0.003	0.000	116.78125	WAIT
313.003859	24.148	34.046	115.0234375	EXPOSING
313.500285	24.151	34.141	120.0234375	EXPOSING
314.005505	24.153	34.223	123.140625	EXPOSING
314.500295	24.152	34.279	125.96875	EXPOSING
315.001016	24.152	34.326	127.9609375	EXPOSING
315.500328	24.152	34.361	130.0859375	EXPOSING
316.005489	24.152	34.397	131.578125	EXPOSING
316.500324	24.153	34.416	132.8671875	EXPOSING
317.001104	24.152	34.441	133.953125	EXPOSING
317.500312	24.153	34.448	134.96875	EXPOSING
318.005466	24.154	34.459	135.7109375	EXPOSING
318.500328	24.153	34.470	136.515625	EXPOSING
319.003901	24.153	34.480	137.1328125	EXPOSING
319.500412	24.152	34.501	137.6015625	EXPOSING
320.005412	24.153	34.513	138.265625	EXPOSING
320.500354	24.153	34.510	138.734375	EXPOSING
321.004691	24.151	34.516	139.2578125	EXPOSING
321.500309	24.152	34.519	139.7421875	EXPOSING
322.001869	24.152	34.526	140.0390625	EXPOSING
323.005496	0.020	0.007	140.2421875	WAIT
323.500327	0.019	0.005	130.3671875	WAIT
324.003603	0.019	0.004	126.9453125	WAIT
324.500315	0.018	0.004	124.0625	WAIT
325.005414	0.007	0.004	121.7578125	WAIT
325.500353	0.003	0.000	119.6015625	WAIT
326.005440	0.003	0.000	117.890625	WAIT
327.002095	24.148	34.093	116.234375	EXPOSING
327.500327	24.150	34.194	122.015625	EXPOSING
328.001122	24.151	34.248	125.234375	EXPOSING
328.500318	24.152	34.297	128.0078125	EXPOSING
329.001791	24.151	34.342	129.890625	EXPOSING
329.500297	24.152	34.384	131.7421875	EXPOSING
330.005485	24.152	34.422	133.0078125	EXPOSING
330.500285	24.153	34.443	134.3515625	EXPOSING
331.005456	24.152	34.463	135.28125	EXPOSING
331.500289	24.152	34.473	136.3125	EXPOSING
332.005378	24.152	34.487	137.0390625	EXPOSING
332.500321	24.153	34.496	137.6953125	EXPOSING
333.138523	24.152	34.504	138.359375	EXPOSING
333.500182	24.153	34.500	139.1484375	EXPOSING
334.004059	24.151	34.507	139.5234375	EXPOSING
334.500366	24.153	34.515	140.0859375	EXPOSING
335.005401	24.151	34.519	140.578125	EXPOSING
335.500466	24.152	34.521	140.9375	EXPOSING
336.003174	24.151	34.525	141.34375	EXPOSING
337.005462	0.020	0.007	141.390625	WAIT
337.500341	0.018	0.005	131.5625	WAIT
338.005487	0.018	0.004	127.9609375	WAIT
338.500268	0.018	0.003	125.0625	WAIT
339.005487	0.000	0.000	122.8203125	WAIT
339.500280	0.003	0.000	120.7265625	WAIT
340.001375	0.002	0.000	119.0078125	WAIT
341.500520	0.018	0.004	117.3515625	WAIT
343.004975	0.018	0.004	115.140625	WAIT
344.500401	0.018	0.004	112.6015625	WAIT
346.005532	0.018	0.004	109.75	WAIT
347.500440	0.018	0.004	107.7421875	WAIT
349.004204	0.018	0.003	105.7265625	WAIT
350.500424	0.018	0.004	103.6640625	WAIT
352.002978	0.018	0.004	101.921875	WAIT
353.500417	0.018	0.003	100.2578125	WAIT
355.005504	0.018	0.004	98.7109375	WAIT
356.500377	0.018	0.003	97.5390625	WAIT
358.001644	0.018	0.004	96.578125	WAIT
359.500476	0.018	0.003	95.5703125	WAIT
361.004677	0.018	0.004	94.375	WAIT
362.500406	0.018	0.003	93.4765625	WAIT
364.005506	0.018	0.003	92.5625	WAIT
365.500481	0.018	0.003	91.5625	WAIT
367.005515	0.018	0.003	90.6328125	WAIT
368.500459	0.018	0.003	89.703125	WAIT
370.010752	0.018	0.004	89.25	WAIT
371.500325	0.018	0.003	88.328125	WAIT
373.005495	0.018	0.004	87.6640625	WAIT
374.500384	0.018	0.003	87.578125	WAIT
376.005533	0.018	0.003	86.7421875	WAIT
377.500425	0.018	0.003	86.0078125	WAIT
379.004205	0.018	0.004	85.3359375	WAIT
380.500381	0.018	0.004	85.3203125	WAIT
382.005524	0.018	0.003	84.59375	WAIT
383.500402	0.018	0.003	83.921875	WAIT
385.001410	0.018	0.004	83.625	WAIT
386.500375	0.018	0.003	83.1015625	WAIT
388.003601	0.018	0.004	82.4921875	WAIT
389.500616	0.018	0.003	81.859375	WAIT
391.005546	0.018	0.003	81.2734375	WAIT
392.500433	0.018	0.003	81.0	WAIT
394.005570	0.019	0.004	80.8203125	WAIT
395.500416	0.018	0.003	80.6484375	WAIT
397.003376	0.019	0.004	79.96875	WAIT
398.500453	0.019	0.003	79.7734375	WAIT
400.002725	0.019	0.004	79.3125	WAIT
401.500422	0.019	0.003	78.9296875	WAIT
403.002666	0.019	0.005	78.3984375	WAIT
404.500397	0.018	0.003	78.4140625	WAIT
406.012215	0.018	0.003	77.9609375	WAIT
407.500396	0.019	0.003	77.5390625	WAIT
409.005477	0.019	0.003	77.515625	WAIT
410.500387	0.018	0.003	76.9296875	WAIT
412.003539	0.018	0.003	76.7578125	WAIT
413.500475	0.018	0.003	76.4609375	WAIT
415.005490	0.018	0.004	76.15625	WAIT
416.500410	0.018	0.003	76.03125	WAIT
418.005518	0.018	0.003	75.6171875	WAIT
419.500468	0.017	0.003	75.109375	WAIT
421.014143	0.018	0.003	74.703125	WAIT
422.500403	0.018	0.003	74.5	WAIT
424.004598	0.019	0.003	74.6484375	WAIT
425.500379	0.018	0.003	74.4296875	WAIT
427.001761	0.019	0.003	74.140625	WAIT
428.500365	0.018	0.003	73.7265625	WAIT
430.003089	0.018	0.004	73.5078125	WAIT
431.500412	0.018	0.003	73.390625	WAIT
433.001793	0.018	0.003	72.875	WAIT
434.500448	0.018	0.003	72.5859375	WAIT
436.005501	0.019	0.004	72.34375	WAIT
437.500369	0.019	0.003	72.453125	WAIT
439.005578	0.019	0.003	72.359375	WAIT
440.500462	0.018	0.003	71.890625	WAIT
442.003592	0.018	0.003	71.421875	WAIT
443.500452	0.018	0.003	71.1328125	WAIT
445.004488	0.018	0.003	70.859375	WAIT
446.500402	0.018	0.003	70.828125	WAIT
448.005562	0.018	0.002	70.5703125	WAIT
449.500399	0.018	0.003	70.2578125	WAIT
451.004144	0.018	0.003	69.8125	WAIT
452.500410	0.018	0.003	69.328125	WAIT
454.005526	0.018	0.003	69.0390625	WAIT
455.500365	0.018	0.003	69.3671875	WAIT
457.004331	0.018	0.003	68.8046875	WAIT
458.500438	0.018	0.003	68.546875	WAIT
