#Resonance Frequency: 404000.000 kHz
#Set Current: 3.17 A
Time [s]	Current [A]	Voltage [V]	T0 [degC]	State
0.000019	0.001	0.000	22.1875	BEFORE
1.000489	0.001	0.000	22.1015625	BEFORE
1.996693	0.001	0.000	22.1875	BEFORE
2.999181	0.001	0.000	22.015625	BEFORE
4.000465	0.001	0.000	22.1015625	BEFORE
5.000456	0.001	0.000	22.015625	BEFORE
5.998657	0.001	0.000	22.015625	BEFORE
6.998468	0.001	0.000	21.9375	BEFORE
8.004728	0.000	0.000	22.015625	BEFORE
9.005803	0.000	0.000	22.015625	BEFORE
10.005299	0.000	0.000	22.015625	BEFORE
10.995509	0.001	0.000	22.015625	BEFORE
12.000495	0.000	0.000	22.015625	BEFORE
12.997000	0.000	0.000	22.015625	BEFORE
14.000470	0.001	0.000	21.8515625	BEFORE
14.996521	0.001	0.000	21.9375	BEFORE
16.000695	0.001	0.000	21.9375	BEFORE
17.005644	0.001	0.000	21.8515625	BEFORE
18.000356	0.001	0.000	21.8515625	BEFORE
18.996308	0.001	0.000	21.8515625	BEFORE
20.000419	0.001	0.000	22.015625	BEFORE
21.000642	0.001	0.000	21.765625	BEFORE
21.996545	0.001	0.000	21.9375	BEFORE
22.998837	0.000	0.000	21.765625	BEFORE
24.000457	0.001	0.000	21.6875	BEFORE
24.999268	0.001	0.000	21.9375	BEFORE
26.000432	0.000	0.000	21.9375	BEFORE
27.001148	0.001	0.000	21.9375	BEFORE
28.000428	0.001	0.000	21.765625	BEFORE
29.003918	0.001	0.000	21.765625	BEFORE
29.998792	0.001	0.000	21.8515625	BEFORE
31.000771	0.001	0.000	21.765625	BEFORE
32.000410	0.000	0.000	21.765625	BEFORE
33.010988	0.001	0.000	21.765625	BEFORE
34.000392	0.001	0.000	21.6875	BEFORE
35.000469	0.001	0.000	21.765625	BEFORE
36.006297	0.000	0.000	21.6875	BEFORE
37.000426	0.001	0.000	21.765625	BEFORE
38.005958	0.001	0.000	21.6875	BEFORE
39.000404	0.000	0.000	21.765625	BEFORE
39.999915	0.001	0.000	21.6875	BEFORE
41.000732	0.001	0.000	21.765625	BEFORE
41.999789	0.001	0.000	21.6875	BEFORE
43.000473	0.000	0.000	21.6875	BEFORE
43.998409	0.000	0.000	21.6875	BEFORE
45.005874	0.001	0.000	21.6875	BEFORE
46.000408	0.001	0.000	21.6875	BEFORE
47.005435	0.001	0.000	21.515625	BEFORE
48.000437	0.001	0.000	21.515625	BEFORE
49.000435	0.001	0.000	21.6875	BEFORE
49.996514	0.001	0.000	21.6875	BEFORE
50.997661	0.001	0.000	21.6875	BEFORE
52.004638	0.001	0.000	21.515625	BEFORE
52.997325	0.001	0.000	21.6875	BEFORE
54.000379	0.001	0.000	21.6015625	BEFORE
54.995428	0.000	0.000	21.6015625	BEFORE
56.000412	0.001	0.000	21.515625	BEFORE
56.999278	0.001	0.000	21.6015625	BEFORE
58.000405	0.001	0.000	21.6875	BEFORE
59.001158	0.001	0.000	21.515625	BEFORE
60.000426	0.001	0.000	21.6015625	BEFORE
60.999636	3.164	6.088	21.6015625	EXPOSING
62.000461	3.164	6.090	22.6875	EXPOSING
62.999899	3.163	6.089	23.1796875	EXPOSING
64.000451	3.163	6.090	23.265625	EXPOSING
64.997530	3.164	6.090	23.4296875	EXPOSING
65.995329	3.164	6.090	23.515625	EXPOSING
67.000378	3.163	6.089	23.4296875	EXPOSING
67.999917	3.165	6.091	23.515625	EXPOSING
69.000419	3.164	6.091	23.5859375	EXPOSING
70.001278	3.163	6.091	23.5859375	EXPOSING
71.010365	3.164	6.092	23.5859375	EXPOSING
72.000410	3.164	6.091	23.515625	EXPOSING
72.995682	3.164	6.091	23.6640625	EXPOSING
74.000409	3.164	6.092	23.6640625	EXPOSING
74.996765	3.164	6.091	23.6640625	EXPOSING
76.000492	3.164	6.091	23.6640625	EXPOSING
77.000703	3.164	6.091	23.75	EXPOSING
78.000536	3.163	6.091	23.75	EXPOSING
78.999307	3.164	6.091	23.75	EXPOSING
79.999928	3.164	6.091	23.6640625	EXPOSING
81.000537	3.164	6.091	23.6640625	EXPOSING
81.995324	3.164	6.091	23.75	EXPOSING
83.000406	3.164	6.092	23.6640625	EXPOSING
83.997745	3.164	6.091	23.828125	EXPOSING
85.000533	3.164	6.091	23.75	EXPOSING
86.000439	3.164	6.092	23.828125	EXPOSING
87.002700	3.164	6.092	23.9140625	EXPOSING
88.000446	3.164	6.092	23.828125	EXPOSING
88.998798	3.164	6.092	23.828125	EXPOSING
90.000368	3.164	6.092	23.828125	EXPOSING
90.995556	3.164	6.091	23.75	EXPOSING
92.003546	3.164	6.092	23.9140625	EXPOSING
93.000463	3.164	6.092	23.9140625	EXPOSING
94.000425	3.164	6.092	23.75	EXPOSING
94.998077	3.164	6.091	23.828125	EXPOSING
95.999310	3.164	6.093	23.828125	EXPOSING
97.000393	3.165	6.093	23.9140625	EXPOSING
97.996022	3.164	6.092	23.75	EXPOSING
99.000446	3.164	6.091	23.828125	EXPOSING
100.000433	3.164	6.091	23.9140625	EXPOSING
101.000098	3.163	6.092	23.75	EXPOSING
102.000470	3.164	6.092	23.9140625	EXPOSING
102.995499	3.164	6.092	23.9140625	EXPOSING
103.996759	3.164	6.091	23.828125	EXPOSING
105.000432	3.164	6.093	23.828125	EXPOSING
105.996373	3.164	6.092	23.75	EXPOSING
107.000440	3.164	6.092	23.828125	EXPOSING
107.998325	3.164	6.092	24.078125	EXPOSING
109.000459	3.163	6.092	23.9140625	EXPOSING
110.000494	3.163	6.092	23.9140625	EXPOSING
110.998808	3.164	6.092	23.9140625	EXPOSING
112.000406	3.164	6.092	23.9921875	EXPOSING
112.996271	3.164	6.091	23.9140625	EXPOSING
114.000411	3.164	6.093	23.828125	EXPOSING
115.000480	3.164	6.092	23.9921875	EXPOSING
115.997054	3.164	6.091	23.9921875	EXPOSING
117.000604	3.164	6.091	23.828125	EXPOSING
117.998975	3.164	6.093	23.828125	EXPOSING
119.000420	3.165	6.092	23.9140625	EXPOSING
119.999071	3.164	6.092	23.9140625	EXPOSING
121.000089	0.054	0.004	23.828125	WAIT
121.997625	0.001	0.000	22.6015625	WAIT
122.995537	0.001	0.000	22.3515625	WAIT
123.997746	0.001	0.000	22.1015625	WAIT
124.999247	0.001	0.000	22.015625	WAIT
125.995678	0.001	0.000	22.015625	WAIT
127.000414	0.001	0.000	22.1015625	WAIT
127.998389	0.001	0.000	21.9375	WAIT
129.000444	0.001	0.000	21.9375	WAIT
130.000478	0.001	0.000	21.765625	WAIT
130.995681	0.001	0.000	21.765625	WAIT
132.000447	0.001	0.000	21.8515625	WAIT
132.999639	0.001	0.000	21.765625	WAIT
134.005210	0.001	0.000	21.6875	WAIT
134.997280	0.001	0.000	21.765625	WAIT
136.000480	0.001	0.000	21.6875	WAIT
137.000474	0.001	0.000	21.6875	WAIT
137.996936	0.000	0.000	21.765625	WAIT
138.995662	0.001	0.000	21.6015625	WAIT
139.997368	0.001	0.000	21.765625	WAIT
141.000416	0.001	0.000	21.765625	WAIT
141.999951	0.001	0.000	21.6875	WAIT
143.000482	0.001	0.000	21.515625	WAIT
144.000484	0.001	0.000	21.6015625	WAIT
144.999774	0.002	0.000	21.6875	WAIT
145.995347	0.001	0.000	21.6875	WAIT
147.006692	0.001	0.000	21.6875	WAIT
148.000393	0.001	0.000	21.515625	WAIT
148.997316	0.001	0.000	21.515625	WAIT
150.000371	0.001	0.000	21.515625	WAIT
150.994897	0.001	0.000	21.515625	WAIT
152.000411	0.001	0.000	21.6015625	WAIT
152.999844	0.001	0.000	21.6015625	WAIT
153.998944	0.001	0.000	21.6015625	WAIT
154.995591	0.001	0.000	21.3515625	WAIT
156.000386	0.001	0.000	21.515625	WAIT
157.000462	0.001	0.000	21.515625	WAIT
158.000444	0.001	0.000	21.4375	WAIT
159.000320	0.001	0.000	21.765625	WAIT
159.996661	0.002	0.000	21.515625	WAIT
160.996432	0.001	0.000	21.515625	WAIT
162.000477	0.002	0.000	21.515625	WAIT
163.002915	0.001	0.000	21.4375	WAIT
163.998116	0.001	0.000	21.515625	WAIT
165.000460	0.001	0.000	21.4375	WAIT
165.995389	0.001	0.000	21.3515625	WAIT
167.000433	0.001	0.000	21.4375	WAIT
167.998042	0.002	0.000	21.515625	WAIT
168.998805	0.002	0.000	21.4375	WAIT
169.996808	0.001	0.000	21.3515625	WAIT
171.000434	0.001	0.000	21.4375	WAIT
171.999861	0.001	0.000	21.4375	WAIT
173.000436	0.001	0.000	21.4375	WAIT
173.999228	0.001	0.000	21.4375	WAIT
175.000418	0.001	0.000	21.3515625	WAIT
175.997665	0.001	0.000	21.3515625	WAIT
177.000078	0.001	0.000	21.515625	WAIT
178.000093	0.001	0.000	21.265625	WAIT
179.002649	0.001	0.000	21.265625	WAIT
179.995949	0.001	0.000	21.3515625	WAIT
180.998655	0.001	0.000	21.3515625	WAIT
181.998085	0.001	0.000	21.4375	WAIT
183.159264	0.001	0.000	21.265625	WAIT
183.997865	0.001	0.000	21.3515625	WAIT
185.000093	0.001	0.000	21.3515625	WAIT
185.999651	0.001	0.000	21.1875	WAIT
187.000405	0.002	0.000	21.3515625	WAIT
188.002210	0.001	0.000	21.1875	WAIT
189.000408	0.001	0.000	21.3515625	WAIT
189.998945	0.001	0.000	21.1875	WAIT
191.000399	0.001	0.000	21.3515625	WAIT
192.000439	0.001	0.000	21.1875	WAIT
193.000160	0.001	0.000	21.265625	WAIT
194.000380	0.001	0.000	21.265625	WAIT
194.999686	0.001	0.000	21.3515625	WAIT
196.000402	0.001	0.000	21.1875	WAIT
197.000439	0.001	0.000	21.1875	WAIT
197.999889	0.001	0.000	21.1875	WAIT
199.002947	0.001	0.000	21.1875	WAIT
199.994596	0.001	0.000	21.265625	WAIT
200.996327	0.001	0.000	21.265625	WAIT
202.000388	0.001	0.000	21.265625	WAIT
202.998519	0.001	0.000	21.265625	WAIT
204.001062	0.001	0.000	21.4375	WAIT
204.996407	0.001	0.000	21.1875	WAIT
206.000479	0.001	0.000	21.265625	WAIT
206.996189	0.000	0.000	21.265625	WAIT
207.997308	0.001	0.000	21.265625	WAIT
209.003815	0.002	0.000	21.3515625	WAIT
209.995245	0.001	0.000	21.1875	WAIT
211.000460	0.001	0.000	21.1875	WAIT
212.000467	0.001	0.000	21.265625	WAIT
212.996572	0.001	0.000	21.1875	WAIT
214.000504	0.001	0.000	21.1875	WAIT
214.995359	0.001	0.000	21.1015625	WAIT
216.000400	0.001	0.000	21.1875	WAIT
216.997539	0.001	0.000	21.1875	WAIT
218.000406	0.001	0.000	21.1875	WAIT
218.999479	0.001	0.000	21.1875	WAIT
220.000411	0.001	0.000	21.1875	WAIT
220.999061	0.001	0.000	21.1875	WAIT
221.999290	0.001	0.000	21.1015625	WAIT
222.996733	0.001	0.000	21.1875	WAIT
224.000505	0.002	0.000	21.1875	WAIT
224.999163	0.001	0.000	21.1875	WAIT
226.000351	0.001	0.000	21.1875	WAIT
226.998796	0.001	0.000	21.1875	WAIT
228.000408	0.001	0.000	21.1875	WAIT
229.004791	0.001	0.000	21.1875	WAIT
230.000420	0.001	0.000	21.1015625	WAIT
231.010632	0.001	0.000	21.1015625	WAIT
232.000430	0.001	0.000	21.1015625	WAIT
233.000471	0.002	0.000	21.1015625	WAIT
234.000055	0.001	0.000	21.1015625	WAIT
234.998271	0.001	0.000	21.015625	WAIT
236.003375	0.002	0.000	21.1015625	WAIT
236.995881	0.001	0.000	21.1015625	WAIT
238.000418	0.002	0.000	21.1015625	WAIT
238.999358	0.002	0.000	21.1875	WAIT
