#Resonance Frequency: 241000.000 kHz
#Set Current: 9.07 A
Time [s]	Current [A]	Voltage [V]	T0 [degC]	State
0.000025	0.001	0.000	21.1875	BEFORE
0.997749	0.001	0.000	21.1015625	BEFORE
1.997748	0.001	0.000	21.265625	BEFORE
2.997754	0.001	0.000	21.1875	BEFORE
3.997744	0.001	0.000	21.1875	BEFORE
4.997747	0.001	0.000	21.1015625	BEFORE
5.997754	0.001	0.000	21.1875	BEFORE
6.997751	0.001	0.000	21.1015625	BEFORE
7.997797	0.001	0.000	21.1875	BEFORE
8.997739	0.001	0.000	21.265625	BEFORE
9.997748	0.001	0.000	21.1875	BEFORE
10.997834	0.001	0.000	21.1875	BEFORE
12.001590	0.001	0.000	21.1875	BEFORE
12.997763	0.001	0.000	21.1875	BEFORE
13.997742	0.001	0.000	21.1015625	BEFORE
14.998345	0.001	0.000	21.1015625	BEFORE
15.997749	0.001	0.000	21.015625	BEFORE
16.997746	0.001	0.000	21.1875	BEFORE
17.997739	0.001	0.000	21.1875	BEFORE
19.002918	0.001	0.000	21.015625	BEFORE
19.997742	0.001	0.000	21.1875	BEFORE
20.997751	0.001	0.000	21.265625	BEFORE
21.997740	0.001	0.000	21.1015625	BEFORE
22.997811	0.001	0.000	21.1875	BEFORE
23.997748	0.001	0.000	21.1015625	BEFORE
24.997751	0.001	0.000	21.1015625	BEFORE
25.997940	0.001	0.000	21.1015625	BEFORE
26.997808	0.001	0.000	21.1875	BEFORE
27.997738	0.001	0.000	21.1015625	BEFORE
28.997746	0.001	0.000	21.1875	BEFORE
29.997739	0.001	0.000	21.1015625	BEFORE
30.997790	0.002	0.000	21.1875	BEFORE
31.997822	0.001	0.000	21.015625	BEFORE
32.998008	0.001	0.000	21.1015625	BEFORE
33.997805	0.002	0.000	21.1875	BEFORE
34.997743	0.002	0.000	21.1875	BEFORE
35.997750	0.001	0.000	21.1875	BEFORE
36.997761	0.001	0.000	21.265625	BEFORE
37.997757	0.001	0.000	21.1875	BEFORE
38.997761	0.001	0.000	21.1015625	BEFORE
39.997765	0.001	0.000	21.1015625	BEFORE
40.997757	0.001	0.000	21.1875	BEFORE
41.997750	0.001	0.000	21.015625	BEFORE
42.997758	0.001	0.000	21.1015625	BEFORE
43.997750	0.002	0.000	21.1015625	BEFORE
44.997809	0.001	0.000	21.1015625	BEFORE
45.997741	0.001	0.000	21.015625	BEFORE
46.997818	0.001	0.000	21.1015625	BEFORE
47.997741	0.001	0.000	21.1875	BEFORE
48.997751	0.001	0.000	21.1015625	BEFORE
49.997747	0.001	0.000	21.1015625	BEFORE
50.997754	0.001	0.000	21.1015625	BEFORE
51.999694	0.001	0.000	21.015625	BEFORE
52.997759	0.001	0.000	21.1875	BEFORE
53.997742	0.002	0.000	21.015625	BEFORE
54.997754	0.001	0.000	21.015625	BEFORE
55.997732	0.001	0.000	21.265625	BEFORE
57.002919	0.001	0.000	21.015625	BEFORE
57.997741	0.001	0.000	21.1875	BEFORE
58.997762	0.001	0.000	21.1875	BEFORE
59.997758	0.001	0.000	21.015625	BEFORE
60.997309	9.063	14.852	21.015625	EXPOSING
61.997753	9.063	14.867	25.9765625	EXPOSING
62.997762	9.064	14.875	27.8515625	EXPOSING
63.997759	9.064	14.880	28.5	EXPOSING
64.997760	9.064	14.883	28.984375	EXPOSING
66.001640	9.063	14.886	29.3125	EXPOSING
66.997765	9.064	14.887	29.5546875	EXPOSING
67.998076	9.063	14.888	29.796875	EXPOSING
68.997754	9.064	14.890	30.1171875	EXPOSING
69.997749	9.064	14.892	30.0390625	EXPOSING
70.997755	9.063	14.892	30.28125	EXPOSING
71.997741	9.064	14.894	30.28125	EXPOSING
72.997756	9.064	14.894	30.4375	EXPOSING
73.997744	9.063	14.895	30.6796875	EXPOSING
74.997753	9.064	14.897	30.5234375	EXPOSING
75.997751	9.063	14.897	30.6796875	EXPOSING
77.001468	9.063	14.898	30.84375	EXPOSING
77.997754	9.063	14.899	30.765625	EXPOSING
78.997727	9.062	14.899	30.765625	EXPOSING
79.997742	9.063	14.901	30.84375	EXPOSING
80.997749	9.064	14.901	30.921875	EXPOSING
81.997753	9.064	14.903	31.0078125	EXPOSING
82.997748	9.064	14.904	31.0859375	EXPOSING
83.997751	9.064	14.905	31.1640625	EXPOSING
84.997741	9.064	14.905	31.1640625	EXPOSING
85.997747	9.064	14.906	31.1640625	EXPOSING
86.997836	9.063	14.907	31.328125	EXPOSING
87.997757	9.064	14.908	31.484375	EXPOSING
88.997843	9.064	14.908	31.328125	EXPOSING
89.997746	9.063	14.909	31.40625	EXPOSING
90.997758	9.063	14.909	31.40625	EXPOSING
91.997750	9.064	14.910	31.5625	EXPOSING
92.997751	9.064	14.911	31.5625	EXPOSING
93.997763	9.064	14.911	31.6484375	EXPOSING
94.997755	9.064	14.911	31.484375	EXPOSING
95.997748	9.064	14.912	31.5625	EXPOSING
96.997758	9.063	14.913	31.6484375	EXPOSING
97.997736	9.063	14.913	31.7265625	EXPOSING
98.997749	9.063	14.913	31.6484375	EXPOSING
99.997728	9.064	14.914	31.7265625	EXPOSING
100.997751	9.063	14.914	31.8046875	EXPOSING
101.997905	9.064	14.915	31.7265625	EXPOSING
102.997753	9.063	14.916	31.7265625	EXPOSING
103.997739	9.064	14.916	31.8828125	EXPOSING
104.997758	9.064	14.917	31.8046875	EXPOSING
106.000167	9.063	14.916	31.8828125	EXPOSING
106.997755	9.064	14.917	31.8046875	EXPOSING
107.997746	9.064	14.918	31.8828125	EXPOSING
108.997761	9.064	14.918	31.96875	EXPOSING
109.997734	9.064	14.919	31.8828125	EXPOSING
110.997758	9.064	14.919	32.125	EXPOSING
111.997747	9.063	14.919	32.046875	EXPOSING
112.997754	9.064	14.920	32.046875	EXPOSING
113.997757	9.064	14.920	32.125	EXPOSING
114.997809	9.064	14.921	32.203125	EXPOSING
115.997859	9.063	14.920	32.203125	EXPOSING
116.997753	9.064	14.921	32.125	EXPOSING
117.997862	9.063	14.922	32.125	EXPOSING
118.997758	9.064	14.922	32.203125	EXPOSING
119.997746	9.064	14.922	32.203125	EXPOSING
120.997338	0.027	0.004	31.7265625	WAIT
121.997753	0.026	0.001	26.7890625	WAIT
122.997752	0.001	0.000	25.4765625	WAIT
123.997754	0.001	0.000	24.7421875	WAIT
124.998668	0.001	0.000	24.328125	WAIT
125.997754	0.001	0.000	23.9921875	WAIT
126.997855	0.001	0.000	23.828125	WAIT
128.002867	0.002	0.000	23.6640625	WAIT
128.997746	0.001	0.000	23.4296875	WAIT
129.997745	0.001	0.000	23.4296875	WAIT
130.997751	0.001	0.000	23.3515625	WAIT
131.997814	0.001	0.000	23.1015625	WAIT
133.002895	0.001	0.000	23.1796875	WAIT
133.997747	0.001	0.000	23.1015625	WAIT
134.997868	0.000	0.000	23.015625	WAIT
135.997739	0.001	0.000	22.9375	WAIT
136.997751	0.001	0.000	22.9375	WAIT
137.997751	0.001	0.000	22.8515625	WAIT
138.997754	0.001	0.000	22.765625	WAIT
139.997808	0.001	0.000	22.765625	WAIT
140.997735	0.001	0.000	22.6015625	WAIT
141.997744	0.001	0.000	22.6015625	WAIT
142.997763	0.001	0.000	22.6875	WAIT
143.997757	0.000	0.000	22.6875	WAIT
144.997750	0.001	0.000	22.6015625	WAIT
145.997756	0.001	0.000	22.515625	WAIT
146.997835	0.001	0.000	22.515625	WAIT
147.997751	0.001	0.000	22.515625	WAIT
148.997749	0.001	0.000	22.6015625	WAIT
149.997764	0.001	0.000	22.4375	WAIT
150.997754	0.001	0.000	22.515625	WAIT
151.997755	0.001	0.000	22.3515625	WAIT
152.997755	0.001	0.000	22.3515625	WAIT
153.997804	0.001	0.000	22.4375	WAIT
154.997754	0.000	0.000	22.2734375	WAIT
155.997798	0.001	0.000	22.3515625	WAIT
156.997814	0.001	0.000	22.2734375	WAIT
157.997762	0.001	0.000	22.1875	WAIT
158.997756	0.001	0.000	22.1875	WAIT
159.997847	0.001	0.000	22.3515625	WAIT
160.997799	0.001	0.000	22.1875	WAIT
161.997757	0.001	0.000	22.1015625	WAIT
162.997754	0.001	0.000	22.2734375	WAIT
163.998420	0.001	0.000	22.1015625	WAIT
164.997768	0.001	0.000	22.1015625	WAIT
165.999054	0.001	0.000	22.1015625	WAIT
166.997757	0.001	0.000	22.1015625	WAIT
167.997740	0.001	0.000	22.1015625	WAIT
168.997766	0.001	0.000	22.1015625	WAIT
169.997756	0.001	0.000	22.015625	WAIT
170.997762	0.001	0.000	22.015625	WAIT
171.997874	0.001	0.000	22.1015625	WAIT
172.997762	0.001	0.000	22.015625	WAIT
173.997789	0.001	0.000	22.1015625	WAIT
174.997874	0.001	0.000	22.015625	WAIT
175.997735	0.001	0.000	21.9375	WAIT
176.997760	0.001	0.000	21.8515625	WAIT
177.997736	0.001	0.000	22.015625	WAIT
178.997750	0.001	0.000	22.015625	WAIT
179.997807	0.001	0.000	22.015625	WAIT
180.997758	0.001	0.000	21.8515625	WAIT
181.997754	0.002	0.000	21.9375	WAIT
182.997751	0.001	0.000	21.9375	WAIT
183.997736	0.001	0.000	21.9375	WAIT
184.997755	0.001	0.000	21.765625	WAIT
185.997788	0.001	0.000	21.8515625	WAIT
186.996964	0.001	0.000	21.8515625	WAIT
187.997768	0.001	0.000	21.8515625	WAIT
188.997748	0.001	0.000	21.9375	WAIT
189.997761	0.002	0.000	21.9375	WAIT
190.997759	0.001	0.000	21.9375	WAIT
191.997757	0.001	0.000	21.8515625	WAIT
192.997766	0.001	0.000	21.8515625	WAIT
193.997754	0.001	0.000	21.8515625	WAIT
194.997825	0.001	0.000	21.9375	WAIT
195.997762	0.002	0.000	21.9375	WAIT
196.997736	0.001	0.000	21.765625	WAIT
197.997790	0.001	0.000	21.6875	WAIT
198.997749	0.001	0.000	21.8515625	WAIT
200.001756	0.001	0.000	21.8515625	WAIT
200.997461	0.001	0.000	21.765625	WAIT
201.997791	0.001	0.000	21.765625	WAIT
202.997751	0.001	0.000	21.765625	WAIT
204.001943	0.002	0.000	21.765625	WAIT
204.997705	0.001	0.000	21.6875	WAIT
205.997760	0.001	0.000	21.8515625	WAIT
206.997752	0.001	0.000	21.6875	WAIT
207.997747	0.001	0.000	21.6015625	WAIT
208.997814	0.001	0.000	21.9375	WAIT
209.997815	0.001	0.000	21.765625	WAIT
211.002970	0.001	0.000	21.6015625	WAIT
211.997747	0.001	0.000	21.515625	WAIT
212.997807	0.001	0.000	21.6875	WAIT
213.997749	0.001	0.000	21.6875	WAIT
214.998039	0.001	0.000	21.765625	WAIT
215.997760	0.001	0.000	21.6875	WAIT
216.997742	0.001	0.000	21.6875	WAIT
217.997760	0.001	0.000	21.6875	WAIT
218.997746	0.002	0.000	21.8515625	WAIT
219.997761	0.002	0.000	21.765625	WAIT
220.997827	0.001	0.000	21.6875	WAIT
221.997752	0.001	0.000	21.6875	WAIT
222.997757	0.001	0.000	21.6015625	WAIT
223.997828	0.001	0.000	21.765625	WAIT
225.002943	0.001	0.000	21.765625	WAIT
225.997756	0.002	0.000	21.515625	WAIT
226.997746	0.001	0.000	21.6015625	WAIT
227.997745	0.001	0.000	21.6015625	WAIT
228.997915	0.002	0.000	21.515625	WAIT
229.997746	0.001	0.000	21.6875	WAIT
230.997792	0.002	0.000	21.6015625	WAIT
231.997754	0.002	0.000	21.515625	WAIT
232.997801	0.002	0.000	21.515625	WAIT
233.997756	0.001	0.000	21.6875	WAIT
234.997757	0.001	0.000	21.6015625	WAIT
235.997747	0.001	0.000	21.6015625	WAIT
236.997761	0.001	0.000	21.515625	WAIT
237.997748	0.001	0.000	21.515625	WAIT
239.002031	0.001	0.000	21.6015625	WAIT
239.997810	0.001	0.000	21.6015625	WAIT
